info|2025-04-05 16:26:47.646774|[INITIALIZER][initGlobalConfig],enableCompress=true,compatibilityVersion=2.7.2,versionNumber=34013696,enableStat=false,chainId=1,useSMCrypto=false
info|2025-04-05 16:26:47.647202|[INITIALIZER][SecureInitializer]loading privateKey
info|2025-04-05 16:26:47.664673|[INITIALIZER][SecureInitializer]get pub of node,nodeID=1f940c66acbc98c5cb75956fd0aacac20f57eef7848753e804e0f13456516adbf7029b87dd8d7bf9b724155d17f85105baf68a3d6b545ce2a5865c49110a333a
info|2025-04-05 16:26:47.665199|[INITIALIZER][SecureInitializer]use user certificate,file=conf//node.crt
info|2025-04-05 16:26:47.665915|[INITIALIZER][SecureInitializer]use ca certificate,file=conf//ca.crt
info|2025-04-05 16:26:47.666016|[INITIALIZER][SecureInitializer]use ca,file=conf//
info|2025-04-05 16:26:47.666575|[NETWORK][Host]Connecting to node,endpoint=127.0.0.1:30300
info|2025-04-05 16:26:47.666612|[NETWORK][Host]P2P StartAccept,Host=0.0.0.0:30312
info|2025-04-05 16:26:47.666786|[NETWORK][Host]Connecting to node,endpoint=127.0.0.1:30301
info|2025-04-05 16:26:47.666856|[NETWORK][Host]Connecting to node,endpoint=127.0.0.1:30302
info|2025-04-05 16:26:47.666914|[NETWORK][Host]Connecting to node,endpoint=127.0.0.1:30303
info|2025-04-05 16:26:47.666972|[NETWORK][Host]Connecting to node,endpoint=127.0.0.1:30304
info|2025-04-05 16:26:47.667047|[NETWORK][Host]Connecting to node,endpoint=127.0.0.1:30305
info|2025-04-05 16:26:47.667099|[NETWORK][Host]Connecting to node,endpoint=127.0.0.1:30306
info|2025-04-05 16:26:47.667151|[NETWORK][Host]Connecting to node,endpoint=127.0.0.1:30307
info|2025-04-05 16:26:47.667220|[NETWORK][Host]Connecting to node,endpoint=127.0.0.1:30308
info|2025-04-05 16:26:47.667271|[NETWORK][Host]Connecting to node,endpoint=127.0.0.1:30309
info|2025-04-05 16:26:47.667475|[NETWORK][Host]Connecting to node,endpoint=127.0.0.1:30310
info|2025-04-05 16:26:47.667535|[NETWORK][Host]Connecting to node,endpoint=127.0.0.1:30311
info|2025-04-05 16:26:47.667584|[NETWORK][Host]Connecting to node,endpoint=127.0.0.1:30312
info|2025-04-05 16:26:47.667654|[NETWORK][Host]Connecting to node,endpoint=127.0.0.1:30313
info|2025-04-05 16:26:47.667745|[NETWORK][Host]Connecting to node,endpoint=127.0.0.1:30314
info|2025-04-05 16:26:47.667800|[NETWORK][Host]Connecting to node,endpoint=127.0.0.1:30315
info|2025-04-05 16:26:47.667845|[NETWORK][Host]Connecting to node,endpoint=127.0.0.1:30316
info|2025-04-05 16:26:47.667956|[NETWORK][Host]Connecting to node,endpoint=127.0.0.1:30317
info|2025-04-05 16:26:47.668012|[NETWORK][Host]Connecting to node,endpoint=127.0.0.1:30318
info|2025-04-05 16:26:47.668058|[NETWORK][Host]Connecting to node,endpoint=127.0.0.1:30319
info|2025-04-05 16:26:47.668106|[NETWORK][Host]Connecting to node,endpoint=127.0.0.1:30320
info|2025-04-05 16:26:47.668167|[NETWORK][Host]Connecting to node,endpoint=127.0.0.1:30321
info|2025-04-05 16:26:47.668213|[NETWORK][Host]Connecting to node,endpoint=127.0.0.1:30322
info|2025-04-05 16:26:47.668270|[NETWORK][Host]Connecting to node,endpoint=127.0.0.1:30323
info|2025-04-05 16:26:47.668348|[NETWORK][ASIO]asyncResolveConnect,endpoint=127.0.0.1:30300
info|2025-04-05 16:26:47.668399|[NETWORK][Host]Connecting to node,endpoint=127.0.0.1:30324
info|2025-04-05 16:26:47.668432|[NETWORK][ASIO]asyncResolveConnect,endpoint=127.0.0.1:30301
info|2025-04-05 16:26:47.668501|[P2P][Service] heartBeat,connected count=0
info|2025-04-05 16:26:47.668621|[NETWORK][ASIO]asyncResolveConnect,endpoint=127.0.0.1:30302
info|2025-04-05 16:26:47.668690|[INITIALIZER][RPCInitializer],network_security.check_cert_issuer=true
info|2025-04-05 16:26:47.668697|[NETWORK][ASIO]asyncResolveConnect,endpoint=127.0.0.1:30303
info|2025-04-05 16:26:47.668755|[NETWORK][ASIO]asyncResolveConnect,endpoint=127.0.0.1:30304
info|2025-04-05 16:26:47.668811|[NETWORK][ASIO]asyncResolveConnect,endpoint=127.0.0.1:30305
info|2025-04-05 16:26:47.668862|[NETWORK][ASIO]asyncResolveConnect,endpoint=127.0.0.1:30306
info|2025-04-05 16:26:47.668916|[NETWORK][ASIO]asyncResolveConnect,endpoint=127.0.0.1:30307
info|2025-04-05 16:26:47.668977|[NETWORK][ASIO]asyncResolveConnect,endpoint=127.0.0.1:30308
info|2025-04-05 16:26:47.669040|[NETWORK][ASIO]asyncResolveConnect,endpoint=127.0.0.1:30309
info|2025-04-05 16:26:47.669096|[NETWORK][ASIO]asyncResolveConnect,endpoint=127.0.0.1:30310
info|2025-04-05 16:26:47.669206|[NETWORK][ASIO]asyncResolveConnect,endpoint=127.0.0.1:30311
info|2025-04-05 16:26:47.669296|[NETWORK][ASIO]asyncResolveConnect,endpoint=127.0.0.1:30312
info|2025-04-05 16:26:47.669360|[NETWORK][ASIO]asyncResolveConnect,endpoint=127.0.0.1:30313
info|2025-04-05 16:26:47.669418|[NETWORK][ASIO]asyncResolveConnect,endpoint=127.0.0.1:30314
info|2025-04-05 16:26:47.669459|[CHANNEL][ChannelServer::run],threadPoolSize=8
info|2025-04-05 16:26:47.669470|[NETWORK][ASIO]asyncResolveConnect,endpoint=127.0.0.1:30315
info|2025-04-05 16:26:47.669502|[CHANNEL]ChannelRPCServer started
info|2025-04-05 16:26:47.669508|[INITIALIZER][RPCInitializer: ChannelRPCHttpServer started.],disableDynamicGroup=false,threadSize=8
info|2025-04-05 16:26:47.669520|[INITIALIZER][LedgerInitializer]initConfig
info|2025-04-05 16:26:47.669531|[LedgerInitializer],groupConfigPath=conf/
info|2025-04-05 16:26:47.669525|[NETWORK][ASIO]asyncResolveConnect,endpoint=127.0.0.1:30316
info|2025-04-05 16:26:47.669586|[NETWORK][ASIO]asyncResolveConnect,endpoint=127.0.0.1:30317
info|2025-04-05 16:26:47.669640|[NETWORK][ASIO]asyncResolveConnect,endpoint=127.0.0.1:30318
info|2025-04-05 16:26:47.669695|[NETWORK][ASIO]asyncResolveConnect,endpoint=127.0.0.1:30319
info|2025-04-05 16:26:47.669871|[NETWORK][ASIO]asyncResolveConnect,endpoint=127.0.0.1:30320
info|2025-04-05 16:26:47.670004|[NETWORK][ASIO]asyncResolveConnect,endpoint=127.0.0.1:30321
info|2025-04-05 16:26:47.670110|[NETWORK][ASIO]asyncResolveConnect,endpoint=127.0.0.1:30322
info|2025-04-05 16:26:47.670171|[NETWORK][ASIO]asyncResolveConnect,endpoint=127.0.0.1:30323
info|2025-04-05 16:26:47.670226|[NETWORK][ASIO]asyncResolveConnect,endpoint=127.0.0.1:30324
error|2025-04-05 16:26:47.670389|[NETWORK][Host]TCP Connection refused by node,endpoint=127.0.0.1:30301,message=Connection refused
error|2025-04-05 16:26:47.670418|[NETWORK][Host]TCP Connection refused by node,endpoint=127.0.0.1:30302,message=Connection refused
error|2025-04-05 16:26:47.670435|[NETWORK][Host]TCP Connection refused by node,endpoint=127.0.0.1:30303,message=Connection refused
error|2025-04-05 16:26:47.670449|[NETWORK][Host]TCP Connection refused by node,endpoint=127.0.0.1:30304,message=Connection refused
error|2025-04-05 16:26:47.670468|[NETWORK][Host]TCP Connection refused by node,endpoint=127.0.0.1:30305,message=Connection refused
error|2025-04-05 16:26:47.670478|[NETWORK][Host]TCP Connection refused by node,endpoint=127.0.0.1:30306,message=Connection refused
error|2025-04-05 16:26:47.670489|[NETWORK][Host]TCP Connection refused by node,endpoint=127.0.0.1:30307,message=Connection refused
error|2025-04-05 16:26:47.670504|[NETWORK][Host]TCP Connection refused by node,endpoint=127.0.0.1:30308,message=Connection refused
error|2025-04-05 16:26:47.670514|[NETWORK][Host]TCP Connection refused by node,endpoint=127.0.0.1:30309,message=Connection refused
error|2025-04-05 16:26:47.670525|[NETWORK][Host]TCP Connection refused by node,endpoint=127.0.0.1:30310,message=Connection refused
error|2025-04-05 16:26:47.670540|[NETWORK][Host]TCP Connection refused by node,endpoint=127.0.0.1:30311,message=Connection refused
warning|2025-04-05 16:26:47.670583|[P2P][Service] onConnect,errorCode=5,nodeID=00000000...,nodeName=,endpoint=unknown,what=Connect failed
warning|2025-04-05 16:26:47.670606|[P2P][Service] onConnect,errorCode=5,nodeID=00000000...,nodeName=,endpoint=unknown,what=Connect failed
warning|2025-04-05 16:26:47.670615|[P2P][Service] onConnect,errorCode=5,nodeID=00000000...,nodeName=,endpoint=unknown,what=Connect failed
warning|2025-04-05 16:26:47.670622|[P2P][Service] onConnect,errorCode=5,nodeID=00000000...,nodeName=,endpoint=unknown,what=Connect failed
warning|2025-04-05 16:26:47.670628|[P2P][Service] onConnect,errorCode=5,nodeID=00000000...,nodeName=,endpoint=unknown,what=Connect failed
info|2025-04-05 16:26:47.670669|[NETWORK][Host]P2P Recv Connect, From=127.0.0.1:49708
warning|2025-04-05 16:26:47.670828|[P2P][Service] onConnect,errorCode=5,nodeID=00000000...,nodeName=,endpoint=unknown,what=Connect failed
info|2025-04-05 16:26:47.670988|[INITIALIZER][initSingleLedger] [GroupId], LedgerConstructor:  2,configFileName=conf/group.2.genesis,dataDir=data/
warning|2025-04-05 16:26:47.671123|[P2P][Service] onConnect,errorCode=5,nodeID=00000000...,nodeName=,endpoint=unknown,what=Connect failed
warning|2025-04-05 16:26:47.671217|[P2P][Service] onConnect,errorCode=5,nodeID=00000000...,nodeName=,endpoint=unknown,what=Connect failed
warning|2025-04-05 16:26:47.671312|[P2P][Service] onConnect,errorCode=5,nodeID=00000000...,nodeName=,endpoint=unknown,what=Connect failed
info|2025-04-05 16:26:47.671384|[NETWORK][Host]P2P StartAccept,Host=0.0.0.0:30312
warning|2025-04-05 16:26:47.671448|[P2P][Service] onConnect,errorCode=5,nodeID=00000000...,nodeName=,endpoint=unknown,what=Connect failed
warning|2025-04-05 16:26:47.671508|[P2P][Service] onConnect,errorCode=5,nodeID=00000000...,nodeName=,endpoint=unknown,what=Connect failed
info|2025-04-05 16:26:47.671575|[g:2][LedgerParam][parseGenesisConfig]initConsensusConfig/initStorageConfig/initTxConfig,configFile=conf/group.2.genesis
error|2025-04-05 16:26:47.671651|[NETWORK][Host]TCP Connection refused by node,endpoint=127.0.0.1:30313,message=Connection refused
info|2025-04-05 16:26:47.671699|[g:2][LedgerParam][initConsensusConfig],type=pbft,consensusTimeout=3,maxTxNum=1000,txGasLimit=300000000
error|2025-04-05 16:26:47.671713|[NETWORK][Host]TCP Connection refused by node,endpoint=127.0.0.1:30314,message=Connection refused
info|2025-04-05 16:26:47.671725|[g:2][LedgerParam][parsePublicKeyListOfSection],sectionName=consensus,it.first=1a32c9401951ffd839ae5bad75fa3d00f97cd9f8014a603e5773dc9f6fa63be914107b6aec52da1f53eae236306ca356e21fcaad723578816093c45f4f54344b
error|2025-04-05 16:26:47.671732|[NETWORK][Host]TCP Connection refused by node,endpoint=127.0.0.1:30315,message=Connection refused
info|2025-04-05 16:26:47.671741|[g:2][LedgerParam][parsePublicKeyListOfSection],sectionName=consensus,it.first=9acd792eaac67886c6eb57cdb0d031d9d0241d67bafd2859f52bf592e09e1a9b2a6a053dd3fbd43c63facb4a40ee3a3dde9a70659a1f252ba1d121d52bdf1e39
error|2025-04-05 16:26:47.671747|[NETWORK][Host]TCP Connection refused by node,endpoint=127.0.0.1:30316,message=Connection refused
info|2025-04-05 16:26:47.671750|[g:2][LedgerParam][parsePublicKeyListOfSection],sectionName=consensus,it.first=be82515051da6fd5a5a5b18f1c0f2d54f5a67651f446fddf9cf092524da5deea82d62098980c685a1ad018d276b16a4d01e7f2dfbfb4bf33c878ac942a719d19
info|2025-04-05 16:26:47.671759|[g:2][LedgerParam][parsePublicKeyListOfSection],sectionName=consensus,it.first=f3849fcac27d9557b86683e86dc1be67e57a4696f69fa7a501165bd71fdb30f1e7bea20c0aa5139dbb4b85caa3851c8a5d5c88798e942d411fde6c86c703fa7a
error|2025-04-05 16:26:47.671763|[NETWORK][Host]TCP Connection refused by node,endpoint=127.0.0.1:30317,message=Connection refused
info|2025-04-05 16:26:47.671772|[g:2][LedgerParam][parsePublicKeyListOfSection],sectionName=consensus,it.first=a57346673c2a2bd8511def6bb034362d5457e350c2a89187e5c5e7181af8002f8a44b8b8324bf7804d3d899ea7246148abe46d6cab25d8a6b74b6808cb0b8ce3
error|2025-04-05 16:26:47.671776|[NETWORK][Host]TCP Connection refused by node,endpoint=127.0.0.1:30318,message=Connection refused
info|2025-04-05 16:26:47.671781|[g:2][LedgerParam][parsePublicKeyListOfSection],sectionName=consensus,it.first=6c7cf617e48db2b1eb99ec5a68b34f4043781171153f68d54ccfa897dc65d2bf20f075ba5d53608c38990ddf9d9a20055f9da8bcbf5184b06a112103d463f062
error|2025-04-05 16:26:47.671789|[NETWORK][Host]TCP Connection refused by node,endpoint=127.0.0.1:30319,message=Connection refused
info|2025-04-05 16:26:47.671872|[g:2][LedgerParam][parsePublicKeyListOfSection],sectionName=consensus,it.first=a5c66f8edb71471b5bf18d5fcf398c4361ff69f4484098dcd4c68ef81b9e4861d273ec322da71780c960820ca0a9859f3fc601fe2b3abfcb4e1855b6255cffed
warning|2025-04-05 16:26:47.671988|[P2P][Service] onConnect,errorCode=5,nodeID=00000000...,nodeName=,endpoint=unknown,what=Connect failed
warning|2025-04-05 16:26:47.672081|[P2P][Service] onConnect,errorCode=5,nodeID=00000000...,nodeName=,endpoint=unknown,what=Connect failed
warning|2025-04-05 16:26:47.672146|[P2P][Service] onConnect,errorCode=5,nodeID=00000000...,nodeName=,endpoint=unknown,what=Connect failed
warning|2025-04-05 16:26:47.672221|[P2P][Service] onConnect,errorCode=5,nodeID=00000000...,nodeName=,endpoint=unknown,what=Connect failed
info|2025-04-05 16:26:47.672281|[g:2][LedgerParam][parsePublicKeyListOfSection],sectionName=consensus,it.first=1f940c66acbc98c5cb75956fd0aacac20f57eef7848753e804e0f13456516adbf7029b87dd8d7bf9b724155d17f85105baf68a3d6b545ce2a5865c49110a333a
warning|2025-04-05 16:26:47.672384|[P2P][Service] onConnect,errorCode=5,nodeID=00000000...,nodeName=,endpoint=unknown,what=Connect failed
warning|2025-04-05 16:26:47.672443|[P2P][Service] onConnect,errorCode=5,nodeID=00000000...,nodeName=,endpoint=unknown,what=Connect failed
warning|2025-04-05 16:26:47.672522|[P2P][Service] onConnect,errorCode=5,nodeID=00000000...,nodeName=,endpoint=unknown,what=Connect failed
info|2025-04-05 16:26:47.672587|[g:2][LedgerParam][parsePublicKeyListOfSection],sectionName=consensus,it.first=f785028f283450d2e596d75637144f7e68cc9f3fa9818a504d28f371b077ff6ceb77071f9d35714fa4bd7896bd070954bff80b21bdfd9fb1309a0990dc397d07
info|2025-04-05 16:26:47.672608|[g:2][LedgerParam][parsePublicKeyListOfSection],sectionName=consensus,it.first=22cbddcec7888e918fdb00add972c24ee27a3b13523ad0a42bf1d333bb745057efed938f595b076d14b7cf3e1db163529508764ea1ecab3ef4cb286f11d95ccc
info|2025-04-05 16:26:47.672679|[g:2][LedgerParam][parsePublicKeyListOfSection],totalPubKeySize=10
info|2025-04-05 16:26:47.672732|[g:2][LedgerParam][max_block_range],maxBlockRange=0,maxBlockPerProcess=3
info|2025-04-05 16:26:47.672741|[g:2][LedgerParam][parseGenesisConfig],timestamp=1743834488000
info|2025-04-05 16:26:47.672754|[g:2][LedgerParam]setEVMFlags,enableFreeStorageVMSchedule=false,evmFlags=0
info|2025-04-05 16:26:47.672784|[g:2][LedgerParam]store evmFlag,evmFlag=0
info|2025-04-05 16:26:47.672791|[g:2][LedgerParam]store consensus time,consensusTimeout=3
info|2025-04-05 16:26:47.672802|[g:2][LedgerParam][initMark],genesisMark=2-1a32c9401951ffd839ae5bad75fa3d00f97cd9f8014a603e5773dc9f6fa63be914107b6aec52da1f53eae236306ca356e21fcaad723578816093c45f4f54344b,9acd792eaac67886c6eb57cdb0d031d9d0241d67bafd2859f52bf592e09e1a9b2a6a053dd3fbd43c63facb4a40ee3a3dde9a70659a1f252ba1d121d52bdf1e39,be82515051da6fd5a5a5b18f1c0f2d54f5a67651f446fddf9cf092524da5deea82d62098980c685a1ad018d276b16a4d01e7f2dfbfb4bf33c878ac942a719d19,f3849fcac27d9557b86683e86dc1be67e57a4696f69fa7a501165bd71fdb30f1e7bea20c0aa5139dbb4b85caa3851c8a5d5c88798e942d411fde6c86c703fa7a,a57346673c2a2bd8511def6bb034362d5457e350c2a89187e5c5e7181af8002f8a44b8b8324bf7804d3d899ea7246148abe46d6cab25d8a6b74b6808cb0b8ce3,6c7cf617e48db2b1eb99ec5a68b34f4043781171153f68d54ccfa897dc65d2bf20f075ba5d53608c38990ddf9d9a20055f9da8bcbf5184b06a112103d463f062,a5c66f8edb71471b5bf18d5fcf398c4361ff69f4484098dcd4c68ef81b9e4861d273ec322da71780c960820ca0a9859f3fc601fe2b3abfcb4e1855b6255cffed,1f940c66acbc98c5cb75956fd0aacac20f57eef7848753e804e0f13456516adbf7029b87dd8d7bf9b724155d17f85105baf68a3d6b545ce2a5865c49110a333a,f785028f283450d2e596d75637144f7e68cc9f3fa9818a504d28f371b077ff6ceb77071f9d35714fa4bd7896bd070954bff80b21bdfd9fb1309a0990dc397d07,22cbddcec7888e918fdb00add972c24ee27a3b13523ad0a42bf1d333bb745057efed938f595b076d14b7cf3e1db163529508764ea1ecab3ef4cb286f11d95ccc,-pbft-storage-0-1000-300000000-3
info|2025-04-05 16:26:47.672814|[g:2][LedgerParam][initIniConfig]initTxPoolConfig/initSyncConfig/initTxExecuteConfig,configFile=conf/group.2.ini
error|2025-04-05 16:26:47.672943|[NETWORK][Host]TCP Connection refused by node,endpoint=127.0.0.1:30320,message=Connection refused
error|2025-04-05 16:26:47.672972|[NETWORK][Host]TCP Connection refused by node,endpoint=127.0.0.1:30321,message=Connection refused
error|2025-04-05 16:26:47.672988|[NETWORK][Host]TCP Connection refused by node,endpoint=127.0.0.1:30322,message=Connection refused
error|2025-04-05 16:26:47.673002|[NETWORK][Host]TCP Connection refused by node,endpoint=127.0.0.1:30323,message=Connection refused
warning|2025-04-05 16:26:47.673030|[P2P][Service] onConnect,errorCode=5,nodeID=00000000...,nodeName=,endpoint=unknown,what=Connect failed
warning|2025-04-05 16:26:47.673042|[P2P][Service] onConnect,errorCode=5,nodeID=00000000...,nodeName=,endpoint=unknown,what=Connect failed
warning|2025-04-05 16:26:47.673047|[P2P][Service] onConnect,errorCode=5,nodeID=00000000...,nodeName=,endpoint=unknown,what=Connect failed
error|2025-04-05 16:26:47.673099|[NETWORK][Host]TCP Connection refused by node,endpoint=127.0.0.1:30324,message=Connection refused
warning|2025-04-05 16:26:47.673104|[P2P][Service] onConnect,errorCode=5,nodeID=00000000...,nodeName=,endpoint=unknown,what=Connect failed
warning|2025-04-05 16:26:47.673240|[P2P][Service] onConnect,errorCode=5,nodeID=00000000...,nodeName=,endpoint=unknown,what=Connect failed
info|2025-04-05 16:26:47.673417|[g:2][LedgerParam][initStorageConfig],stateType=storage,storageDB=rocksdb,storagePath=data//group2/block/RocksDB,baseDir=data//group2,dbtype=mysql,dbip=127.0.0.1,dbport=3306,dbcharset=utf8mb4,initconnections=15,maxconnections=50,scrollThreshold=2000
info|2025-04-05 16:26:47.673446|[g:2][LedgerParam][initTxPoolConfig],txPoolLimit=150000,memorySizeLimit(MB)=512,notifyWorkerNum=2,txsExpirationTime(ms)=600000
info|2025-04-05 16:26:47.673459|[g:2][LedgerParam][initSyncConfig],idleWaitMs=200
info|2025-04-05 16:26:47.673469|[g:2][LedgerParam][initSyncConfig],enableSendTxsByTree=true,enableSendBlockStatusByTree=true
info|2025-04-05 16:26:47.673480|[g:2][LedgerParam][initSyncConfig],gossipInterval=1000
info|2025-04-05 16:26:47.673492|[g:2][LedgerParam][initSyncConfig],enableSendBlockStatusByTree=true,gossipInterval=1000,gossipPeers=3,syncTreeWidth=3,maxQueueSizeForBlockSync=536870912,txsStatusGossipMaxPeers=5
info|2025-04-05 16:26:47.673503|[g:2][LedgerParam][InitTxExecuteConfig],enableParallel=true
info|2025-04-05 16:26:47.673527|[g:2][LedgerParam][initConsensusIniConfig],maxTTL=2,minBlockGenerationTime=500,enablDynamicBlockSize=true,blockSizeIncreaseRatio=0.5,enableTTLOptimize=true,enablePrepareWithTxsHash=true
info|2025-04-05 16:26:47.673560|[g:2][LedgerParam][initRPBFTConsensusIniConfig],broadcastPrepareByTree=true,prepareStatusBroadcastPercent=33,maxRequestMissedTxsWaitTime=100,maxRequestPrepareWaitTime=100
info|2025-04-05 16:26:47.673574|[g:2][LedgerParam][initFlowControlConfig],maxQPS=9223372036854775807,outGoingBandwidth(Bytes)=9223372036854775807
info|2025-04-05 16:26:47.673587|[g:2][LedgerParam]parseSDKAllowList,sdkAllowList=[],enableSDKAllowListControl=false
info|2025-04-05 16:26:47.673631|[g:2][LEDGER][initLedger][DBInitializer]
info|2025-04-05 16:26:47.673643|[g:2][LEDGER]setSDKAllowList,groupId=2,sdkAllowListSize=0
info|2025-04-05 16:26:47.673657|[g:2][CHANNEL]registerSDKAllowListByGroupId,groupId=2,size=0
info|2025-04-05 16:26:47.673666|[g:2][CHANNEL]Disable group-level sdk permission control for sdk allowlist is empty
info|2025-04-05 16:26:47.673676|[g:2][DBINITIALIZER] [initStorageDB]
info|2025-04-05 16:26:47.673683|[g:2][DBINITIALIZER] [initRocksDBStorage]
info|2025-04-05 16:26:47.673729|[g:2][ROCKSDB]open rocksDB handler,path=data//group2/block/RocksDB
info|2025-04-05 16:26:47.683465|[NETWORK][Host]handshakeClient succ,local endpoint=127.0.0.1:49696
info|2025-04-05 16:26:47.683504|[NETWORK][Host]startPeerSession, Remote=127.0.0.1:30300,local endpoint=127.0.0.1:49696,nodeID=1a32c940...
info|2025-04-05 16:26:47.683651|[P2P][Service] Connection established,nodeID=1a32c940...,endpoint=127.0.0.1:30300
info|2025-04-05 16:26:47.687219|[NETWORK][Host]handshakeServer succ,remote endpoint=127.0.0.1:49708
info|2025-04-05 16:26:47.687243|[NETWORK][Host]startPeerSession, Remote=127.0.0.1:49708,local endpoint=127.0.0.1:30312,nodeID=1f940c66...
info|2025-04-05 16:26:47.687377|[NETWORK][Host]handshakeClient succ,local endpoint=127.0.0.1:49708
info|2025-04-05 16:26:47.687399|[NETWORK][Host]startPeerSession, Remote=127.0.0.1:30312,local endpoint=127.0.0.1:49708,nodeID=1f940c66...
info|2025-04-05 16:26:47.838693|[g:2][g:2][STORAGE][CachedStorage]Init flushStorage thread
info|2025-04-05 16:26:47.838796|[g:2][DBINITIALIZER] [init CachedStorage],maxCapacity=32,maxForwardBlock=10
info|2025-04-05 16:26:47.838816|[g:2][LEDGER][initLedger][initBlockChain]
info|2025-04-05 16:26:47.839127|[g:2][LEDGER]set enableHexBlock to be false,version=34013696
info|2025-04-05 16:26:47.839143|[g:2][BLOCKCHAIN][#checkAndBuildGenesisBlock],shouldBuild=false
info|2025-04-05 16:26:47.839579|[g:2][BLOCKCHAIN][#checkAndBuildGenesisBlock]Already have the 0th block, 0th groupMark is equal to file groupMark.
info|2025-04-05 16:26:47.839593|[g:2][LEDGER][initLedger]initBlockChain SUCC
info|2025-04-05 16:26:47.839659|[g:2][DBINITIALIZER] [createStateFactory],type=storage
info|2025-04-05 16:26:47.839668|[g:2][DBINITIALIZER] createStorageState SUCC
info|2025-04-05 16:26:47.839671|[g:2][DBINITIALIZER] [createStateFactory SUCC]
info|2025-04-05 16:26:47.839678|[g:2][DBINITIALIZER] createExecutiveContext...
info|2025-04-05 16:26:47.839708|[g:2][LEDGER]createGasMetric,vmFlagType=0
info|2025-04-05 16:26:47.839716|[g:2][LEDGER]createGasMetric
info|2025-04-05 16:26:47.839735|[g:2][DBINITIALIZER] create precompiledGasFactory and precompiledResultFactory
info|2025-04-05 16:26:47.839739|[g:2][DBINITIALIZER] createExecutiveContext SUCC
info|2025-04-05 16:26:47.839748|[g:2][DBINITIALIZER] [setSyncNumForCachedStorage],syncNum=1
info|2025-04-05 16:26:47.839758|[g:2][LEDGER][initNetworkBandWidthLimiter: outGoingBandwidthLimit has been disabled],groupId=2
info|2025-04-05 16:26:47.839766|[g:2][LEDGER][QPSLimit has been disabled],groupId=2
info|2025-04-05 16:26:47.839774|[g:2][LEDGER][initLedger][initBlockVerifier]
info|2025-04-05 16:26:47.839786|[g:2][LEDGER][initLedger][initBlockVerifier SUCC],evmFlags=0
info|2025-04-05 16:26:47.839793|[g:2][LEDGER][initLedger][initTxPool],txPoolLimit=150000
info|2025-04-05 16:26:47.841052|[g:2][LEDGER][initLedger]initTxPool SUCC
info|2025-04-05 16:26:47.841069|[g:2][LEDGER][initLedger][initSync],idleWaitMs=200,gossipInterval=1000,gossipPeers=3
info|2025-04-05 16:26:47.841079|[g:2][LEDGER]Init sync master,enableSendBlockStatusByTree=true,enableSendTxsByTree=true
info|2025-04-05 16:26:47.841784|[g:2][LEDGER][initLedger]initSync SUCC
info|2025-04-05 16:26:47.841814|[g:2][LEDGER][initLedger][consensusInitFactory]
info|2025-04-05 16:26:47.841831|[g:2][LEDGER][initLedger][createPBFTSealer]
info|2025-04-05 16:26:47.841839|[g:2][LEDGER][initLedger][createPBFTSealer],baseDir=data//group2,Protocol=131080
info|2025-04-05 16:26:47.841897|[g:2][LEDGER][initLedger]createPBFTSealer for PBFT or rPBFT,consensusType=pbft
info|2025-04-05 16:26:47.841908|[g:2][LEDGER]createConsensusEngine: create PBFTEngine
info|2025-04-05 16:26:47.841925|[g:2][CONSENSUS][PBFT]Register handler for PBFTEngine
info|2025-04-05 16:26:47.842303|[g:2][CONSENSUS][PBFT]setMinBlockGenerationTime,minBlockGenerationTime=500,consensusTime=1000
info|2025-04-05 16:26:47.842328|[g:2][LEDGER][initEventLogFilterManager]initEventLogFilterManager SUCC
info|2025-04-05 16:26:47.842335|[LedgerInitializer init group succ],groupID=2
info|2025-04-05 16:26:47.842542|[SafeHttpServer::StartListening]use poll for apple macos platform
info|2025-04-05 16:26:47.842812|[INITIALIZER][RPCInitializer JsonrpcHttpServer started],jsonrpc_IP=127.0.0.1,jsonrpc_listen_port=8557,jsonrpc_thread_count=8,ipv6=false,disableDynamicGroup=false
info|2025-04-05 16:26:47.842829|[g:2][LEDGER]startAll...
info|2025-04-05 16:26:47.843030|[g:2][GossipBlockStatus]start GossipBlockStatus succ
info|2025-04-05 16:26:47.843070|[g:2][CONSENSUS][ConsensusEngine][Start ConsensusEngineBase]
info|2025-04-05 16:26:47.843230|[g:2][CONSENSUS][PBFT]^^^^^^^^Report,num=1,sealerIdx=5,hash=92facd76...,next=2,tx=1,nodeIdx=1
info|2025-04-05 16:26:47.843284|[g:2][ROCKSDB]open rocksDB handler,path=data//group2/pbftMsgBackup/RocksDB
info|2025-04-05 16:26:48.004501|[g:2][CONSENSUS][PBFT][PBFT init env successfully]
info|2025-04-05 16:26:48.004517|[g:2][CONSENSUS][PBFT][Start PBFTEngine...]
info|2025-04-05 16:26:48.004527|[g:2][CONSENSUS][SEALER][Start sealer module]
info|2025-04-05 16:26:48.005118|[g:2][EVENT][EventLogFilterManager]start,m_maxBlockRange=0,m_maxBlockPerLoopFilter=3
info|2025-04-05 16:26:48.016753|[g:2][NodeTimeMaintenance]updateTimeInfo: update median time offset,updatedMedianTimeOffset=0,peer=1a32c940...,peerTime=1743841608016,peerOffset=0,utcTime=1743841608016
info|2025-04-05 16:26:48.106715|[NETWORK][Host]P2P Recv Connect, From=127.0.0.1:49735
info|2025-04-05 16:26:48.106838|[NETWORK][Host]P2P StartAccept,Host=0.0.0.0:30312
info|2025-04-05 16:26:48.129208|[NETWORK][Host]handshakeServer succ,remote endpoint=127.0.0.1:49735
info|2025-04-05 16:26:48.129249|[NETWORK][Host]startPeerSession, Remote=127.0.0.1:49735,local endpoint=127.0.0.1:30312,nodeID=a5c66f8e...
info|2025-04-05 16:26:48.129377|[P2P][Service] Connection established,nodeID=a5c66f8e...,endpoint=127.0.0.1:49735
info|2025-04-05 16:26:48.205767|[NETWORK][Host]P2P Recv Connect, From=127.0.0.1:49760
info|2025-04-05 16:26:48.205824|[NETWORK][Host]P2P StartAccept,Host=0.0.0.0:30312
info|2025-04-05 16:26:48.228906|[NETWORK][Host]handshakeServer succ,remote endpoint=127.0.0.1:49760
info|2025-04-05 16:26:48.228935|[NETWORK][Host]startPeerSession, Remote=127.0.0.1:49760,local endpoint=127.0.0.1:30312,nodeID=9acd792e...
info|2025-04-05 16:26:48.228967|[P2P][Service] Connection established,nodeID=9acd792e...,endpoint=127.0.0.1:49760
info|2025-04-05 16:26:48.263946|[NETWORK][Host]P2P Recv Connect, From=127.0.0.1:49786
info|2025-04-05 16:26:48.264009|[NETWORK][Host]P2P StartAccept,Host=0.0.0.0:30312
info|2025-04-05 16:26:48.290285|[NETWORK][Host]handshakeServer succ,remote endpoint=127.0.0.1:49786
info|2025-04-05 16:26:48.290316|[NETWORK][Host]startPeerSession, Remote=127.0.0.1:49786,local endpoint=127.0.0.1:30312,nodeID=f785028f...
info|2025-04-05 16:26:48.290360|[P2P][Service] Connection established,nodeID=f785028f...,endpoint=127.0.0.1:49786
info|2025-04-05 16:26:48.325360|[g:2][NodeTimeMaintenance]updateTimeInfo: update median time offset,updatedMedianTimeOffset=0,peer=a5c66f8e...,peerTime=1743841608325,peerOffset=0,utcTime=1743841608325
info|2025-04-05 16:26:48.724447|[g:2][NodeTimeMaintenance]updateTimeInfo: update median time offset,updatedMedianTimeOffset=0,peer=f785028f...,peerTime=1743841608723,peerOffset=-1,utcTime=1743841608724
info|2025-04-05 16:26:48.843698|[g:2][CONSENSUS][SEALER]++++++++++++++++ Generating seal on,blkNum=2,tx=0,nodeIdx=1,hash=edfc0307...
info|2025-04-05 16:26:48.850577|[g:2][CONSENSUS][PBFT]checkTimeout Succ,view=0,toView=1,nodeIdx=1,changeCycle=1,myNode=1f940c66...,timecost=0
info|2025-04-05 16:26:49.485565|[NETWORK][Host]P2P Recv Connect, From=127.0.0.1:49811
info|2025-04-05 16:26:49.485629|[NETWORK][Host]P2P StartAccept,Host=0.0.0.0:30312
info|2025-04-05 16:26:49.511133|[NETWORK][Host]handshakeServer succ,remote endpoint=127.0.0.1:49811
info|2025-04-05 16:26:49.511165|[NETWORK][Host]startPeerSession, Remote=127.0.0.1:49811,local endpoint=127.0.0.1:30312,nodeID=22cbddce...
info|2025-04-05 16:26:49.511204|[P2P][Service] Connection established,nodeID=22cbddce...,endpoint=127.0.0.1:49811
info|2025-04-05 16:26:49.763496|[NETWORK][Host]P2P Recv Connect, From=127.0.0.1:49838
info|2025-04-05 16:26:49.763554|[NETWORK][Host]P2P StartAccept,Host=0.0.0.0:30312
info|2025-04-05 16:26:49.785498|[g:2][NodeTimeMaintenance]updateTimeInfo: update median time offset,updatedMedianTimeOffset=0,peer=22cbddce...,peerTime=1743841609785,peerOffset=0,utcTime=1743841609785
info|2025-04-05 16:26:49.789468|[NETWORK][Host]handshakeServer succ,remote endpoint=127.0.0.1:49838
info|2025-04-05 16:26:49.789499|[NETWORK][Host]startPeerSession, Remote=127.0.0.1:49838,local endpoint=127.0.0.1:30312,nodeID=6c7cf617...
info|2025-04-05 16:26:49.789547|[P2P][Service] Connection established,nodeID=6c7cf617...,endpoint=127.0.0.1:49838
info|2025-04-05 16:26:49.803704|[NETWORK][Host]P2P Recv Connect, From=127.0.0.1:49863
info|2025-04-05 16:26:49.803759|[NETWORK][Host]P2P StartAccept,Host=0.0.0.0:30312
info|2025-04-05 16:26:49.835439|[NETWORK][Host]handshakeServer succ,remote endpoint=127.0.0.1:49863
info|2025-04-05 16:26:49.835471|[NETWORK][Host]startPeerSession, Remote=127.0.0.1:49863,local endpoint=127.0.0.1:30312,nodeID=da8778ae...
info|2025-04-05 16:26:49.835544|[P2P][Service] Connection established,nodeID=da8778ae...,endpoint=127.0.0.1:49863
info|2025-04-05 16:26:49.918629|[g:2][NodeTimeMaintenance]updateTimeInfo: update median time offset,updatedMedianTimeOffset=0,peer=9acd792e...,peerTime=1743841609918,peerOffset=0,utcTime=1743841609918
info|2025-04-05 16:26:50.034862|[NETWORK][Host]P2P Recv Connect, From=127.0.0.1:49888
info|2025-04-05 16:26:50.034926|[NETWORK][Host]P2P StartAccept,Host=0.0.0.0:30312
info|2025-04-05 16:26:50.067324|[NETWORK][Host]handshakeServer succ,remote endpoint=127.0.0.1:49888
info|2025-04-05 16:26:50.067353|[NETWORK][Host]startPeerSession, Remote=127.0.0.1:49888,local endpoint=127.0.0.1:30312,nodeID=2527b58f...
info|2025-04-05 16:26:50.067491|[P2P][Service] Connection established,nodeID=2527b58f...,endpoint=127.0.0.1:49888
info|2025-04-05 16:26:50.374968|[g:2][NodeTimeMaintenance]updateTimeInfo: update median time offset,updatedMedianTimeOffset=0,peer=6c7cf617...,peerTime=1743841610374,peerOffset=0,utcTime=1743841610374
info|2025-04-05 16:26:50.566473|[NETWORK][Host]P2P Recv Connect, From=127.0.0.1:49914
info|2025-04-05 16:26:50.566531|[NETWORK][Host]P2P StartAccept,Host=0.0.0.0:30312
info|2025-04-05 16:26:50.596859|[NETWORK][Host]handshakeServer succ,remote endpoint=127.0.0.1:49914
info|2025-04-05 16:26:50.596888|[NETWORK][Host]startPeerSession, Remote=127.0.0.1:49914,local endpoint=127.0.0.1:30312,nodeID=7b6beb5c...
info|2025-04-05 16:26:50.596951|[P2P][Service] Connection established,nodeID=7b6beb5c...,endpoint=127.0.0.1:49914
info|2025-04-05 16:26:51.120850|[NETWORK][Host]P2P Recv Connect, From=127.0.0.1:49941
info|2025-04-05 16:26:51.120914|[NETWORK][Host]P2P StartAccept,Host=0.0.0.0:30312
info|2025-04-05 16:26:51.152125|[NETWORK][Host]handshakeServer succ,remote endpoint=127.0.0.1:49941
info|2025-04-05 16:26:51.152152|[NETWORK][Host]startPeerSession, Remote=127.0.0.1:49941,local endpoint=127.0.0.1:30312,nodeID=8c31eca4...
info|2025-04-05 16:26:51.152238|[P2P][Service] Connection established,nodeID=8c31eca4...,endpoint=127.0.0.1:49941
info|2025-04-05 16:26:51.276800|[NETWORK][Host]P2P Recv Connect, From=127.0.0.1:49966
info|2025-04-05 16:26:51.276878|[NETWORK][Host]P2P StartAccept,Host=0.0.0.0:30312
info|2025-04-05 16:26:51.309356|[NETWORK][Host]handshakeServer succ,remote endpoint=127.0.0.1:49966
info|2025-04-05 16:26:51.309393|[NETWORK][Host]startPeerSession, Remote=127.0.0.1:49966,local endpoint=127.0.0.1:30312,nodeID=80ea3f8c...
info|2025-04-05 16:26:51.309442|[P2P][Service] Connection established,nodeID=80ea3f8c...,endpoint=127.0.0.1:49966
info|2025-04-05 16:26:51.461943|[NETWORK][Host]P2P Recv Connect, From=127.0.0.1:49991
info|2025-04-05 16:26:51.462007|[NETWORK][Host]P2P StartAccept,Host=0.0.0.0:30312
info|2025-04-05 16:26:51.485528|[NETWORK][Host]handshakeServer succ,remote endpoint=127.0.0.1:49991
info|2025-04-05 16:26:51.485563|[NETWORK][Host]startPeerSession, Remote=127.0.0.1:49991,local endpoint=127.0.0.1:30312,nodeID=be825150...
info|2025-04-05 16:26:51.485619|[P2P][Service] Connection established,nodeID=be825150...,endpoint=127.0.0.1:49991
info|2025-04-05 16:26:51.956390|[NETWORK][Host]P2P Recv Connect, From=127.0.0.1:50018
info|2025-04-05 16:26:51.956461|[NETWORK][Host]P2P StartAccept,Host=0.0.0.0:30312
info|2025-04-05 16:26:51.993790|[NETWORK][Host]handshakeServer succ,remote endpoint=127.0.0.1:50018
info|2025-04-05 16:26:51.993836|[NETWORK][Host]startPeerSession, Remote=127.0.0.1:50018,local endpoint=127.0.0.1:30312,nodeID=dc90b52f...
info|2025-04-05 16:26:51.993868|[P2P][Service] Connection established,nodeID=dc90b52f...,endpoint=127.0.0.1:50018
info|2025-04-05 16:26:52.071510|[NETWORK][Host]P2P Recv Connect, From=127.0.0.1:50043
info|2025-04-05 16:26:52.071580|[NETWORK][Host]P2P StartAccept,Host=0.0.0.0:30312
info|2025-04-05 16:26:52.108100|[NETWORK][Host]handshakeServer succ,remote endpoint=127.0.0.1:50043
info|2025-04-05 16:26:52.108136|[NETWORK][Host]startPeerSession, Remote=127.0.0.1:50043,local endpoint=127.0.0.1:30312,nodeID=35cf21cc...
info|2025-04-05 16:26:52.108215|[P2P][Service] Connection established,nodeID=35cf21cc...,endpoint=127.0.0.1:50043
info|2025-04-05 16:26:52.207001|[NETWORK][Host]P2P Recv Connect, From=127.0.0.1:50068
info|2025-04-05 16:26:52.207072|[NETWORK][Host]P2P StartAccept,Host=0.0.0.0:30312
info|2025-04-05 16:26:52.246350|[NETWORK][Host]P2P Recv Connect, From=127.0.0.1:50093
info|2025-04-05 16:26:52.246423|[NETWORK][Host]P2P StartAccept,Host=0.0.0.0:30312
info|2025-04-05 16:26:52.250557|[NETWORK][Host]handshakeServer succ,remote endpoint=127.0.0.1:50068
info|2025-04-05 16:26:52.250590|[NETWORK][Host]startPeerSession, Remote=127.0.0.1:50068,local endpoint=127.0.0.1:30312,nodeID=f3849fca...
info|2025-04-05 16:26:52.250628|[P2P][Service] Connection established,nodeID=f3849fca...,endpoint=127.0.0.1:50068
info|2025-04-05 16:26:52.287561|[NETWORK][Host]P2P Recv Connect, From=127.0.0.1:50118
info|2025-04-05 16:26:52.287622|[NETWORK][Host]P2P StartAccept,Host=0.0.0.0:30312
info|2025-04-05 16:26:52.322789|[NETWORK][Host]handshakeServer succ,remote endpoint=127.0.0.1:50093
info|2025-04-05 16:26:52.322827|[NETWORK][Host]startPeerSession, Remote=127.0.0.1:50093,local endpoint=127.0.0.1:30312,nodeID=9b781f54...
info|2025-04-05 16:26:52.322874|[P2P][Service] Connection established,nodeID=9b781f54...,endpoint=127.0.0.1:50093
info|2025-04-05 16:26:52.326380|[NETWORK][Host]handshakeServer succ,remote endpoint=127.0.0.1:50118
info|2025-04-05 16:26:52.326406|[NETWORK][Host]startPeerSession, Remote=127.0.0.1:50118,local endpoint=127.0.0.1:30312,nodeID=f57eedd4...
info|2025-04-05 16:26:52.326444|[P2P][Service] Connection established,nodeID=f57eedd4...,endpoint=127.0.0.1:50118
info|2025-04-05 16:26:52.362282|[NETWORK][Host]P2P Recv Connect, From=127.0.0.1:50143
info|2025-04-05 16:26:52.362343|[NETWORK][Host]P2P StartAccept,Host=0.0.0.0:30312
info|2025-04-05 16:26:52.400127|[NETWORK][Host]handshakeServer succ,remote endpoint=127.0.0.1:50143
info|2025-04-05 16:26:52.400157|[NETWORK][Host]startPeerSession, Remote=127.0.0.1:50143,local endpoint=127.0.0.1:30312,nodeID=c0d25e51...
info|2025-04-05 16:26:52.400222|[P2P][Service] Connection established,nodeID=c0d25e51...,endpoint=127.0.0.1:50143
info|2025-04-05 16:26:52.479403|[NETWORK][Host]P2P Recv Connect, From=127.0.0.1:50169
info|2025-04-05 16:26:52.479473|[NETWORK][Host]P2P StartAccept,Host=0.0.0.0:30312
info|2025-04-05 16:26:52.521530|[NETWORK][Host]handshakeServer succ,remote endpoint=127.0.0.1:50169
info|2025-04-05 16:26:52.521573|[NETWORK][Host]startPeerSession, Remote=127.0.0.1:50169,local endpoint=127.0.0.1:30312,nodeID=a5734667...
info|2025-04-05 16:26:52.521606|[P2P][Service] Connection established,nodeID=a5734667...,endpoint=127.0.0.1:50169
info|2025-04-05 16:26:53.325243|[NETWORK][Host]P2P Recv Connect, From=127.0.0.1:50195
info|2025-04-05 16:26:53.325311|[NETWORK][Host]P2P StartAccept,Host=0.0.0.0:30312
warning|2025-04-05 16:26:53.357011|[g:2][CONSENSUS][PBFT]ViewChangeWarning: not caused by omit empty block ,v=0,toV=2,curNum=1,hash=92facd76...,nodeIdx=1,myNode=1f940c66...
info|2025-04-05 16:26:53.357197|[g:2][CONSENSUS][PBFT]checkTimeout Succ,view=0,toView=2,nodeIdx=1,changeCycle=2,myNode=1f940c66...,timecost=1
info|2025-04-05 16:26:53.359286|[g:2][CONSENSUS][PBFT]checkAndChangeView: Reach consensus,org_view=0,cur_changeCycle=2,curView=0,view=1
info|2025-04-05 16:26:53.360330|[g:2][CONSENSUS][PBFT]Trigger fast-viewchange,view=1,toView=1,minView=2,INFO=,reqNum=1,curNum=1,GenIdx=9,Cview=2,view=1,fromIdx=9,fromNode=f785028f...,fromIp=127.0.0.1:49786,hash=92facd76...,nodeIdx=1,myNode=1f940c66...
info|2025-04-05 16:26:53.360656|[g:2][CONSENSUS][PBFT]checkTimeout Succ,view=1,toView=2,nodeIdx=1,changeCycle=3,myNode=1f940c66...,timecost=0
info|2025-04-05 16:26:53.363210|[g:2][CONSENSUS][PBFT]checkAndChangeView: Reach consensus,org_view=1,cur_changeCycle=3,curView=1,view=2
info|2025-04-05 16:26:53.366048|[NETWORK][Host]P2P Recv Connect, From=127.0.0.1:50220
info|2025-04-05 16:26:53.366119|[NETWORK][Host]P2P StartAccept,Host=0.0.0.0:30312
info|2025-04-05 16:26:53.391404|[NETWORK][Host]handshakeServer succ,remote endpoint=127.0.0.1:50195
info|2025-04-05 16:26:53.391435|[NETWORK][Host]startPeerSession, Remote=127.0.0.1:50195,local endpoint=127.0.0.1:30312,nodeID=06d29d87...
info|2025-04-05 16:26:53.391485|[P2P][Service] Connection established,nodeID=06d29d87...,endpoint=127.0.0.1:50195
info|2025-04-05 16:26:53.392587|[NETWORK][Host]P2P Recv Connect, From=127.0.0.1:50245
info|2025-04-05 16:26:53.392635|[NETWORK][Host]P2P StartAccept,Host=0.0.0.0:30312
info|2025-04-05 16:26:53.421354|[NETWORK][Host]handshakeServer succ,remote endpoint=127.0.0.1:50220
info|2025-04-05 16:26:53.421385|[NETWORK][Host]startPeerSession, Remote=127.0.0.1:50220,local endpoint=127.0.0.1:30312,nodeID=da02630f...
info|2025-04-05 16:26:53.421415|[P2P][Service] Connection established,nodeID=da02630f...,endpoint=127.0.0.1:50220
info|2025-04-05 16:26:53.432610|[NETWORK][Host]handshakeServer succ,remote endpoint=127.0.0.1:50245
info|2025-04-05 16:26:53.432640|[NETWORK][Host]startPeerSession, Remote=127.0.0.1:50245,local endpoint=127.0.0.1:30312,nodeID=d3d35f45...
info|2025-04-05 16:26:53.432694|[P2P][Service] Connection established,nodeID=d3d35f45...,endpoint=127.0.0.1:50245
info|2025-04-05 16:26:53.519988|[NETWORK][Host]P2P Recv Connect, From=127.0.0.1:50279
info|2025-04-05 16:26:53.520039|[NETWORK][Host]P2P StartAccept,Host=0.0.0.0:30312
info|2025-04-05 16:26:53.520511|[NETWORK][Host]P2P Recv Connect, From=127.0.0.1:50286
info|2025-04-05 16:26:53.520559|[NETWORK][Host]P2P StartAccept,Host=0.0.0.0:30312
info|2025-04-05 16:26:53.555578|[NETWORK][Host]handshakeServer succ,remote endpoint=127.0.0.1:50286
info|2025-04-05 16:26:53.555670|[P2P][Service] Connection established,nodeID=465acb07...,endpoint=127.0.0.1:50286
info|2025-04-05 16:26:53.555650|[NETWORK][Host]startPeerSession, Remote=127.0.0.1:50286,local endpoint=127.0.0.1:30312,nodeID=465acb07...
info|2025-04-05 16:26:53.561969|[NETWORK][Host]handshakeServer succ,remote endpoint=127.0.0.1:50279
info|2025-04-05 16:26:53.561999|[NETWORK][Host]startPeerSession, Remote=127.0.0.1:50279,local endpoint=127.0.0.1:30312,nodeID=062f09ab...
info|2025-04-05 16:26:53.562035|[P2P][Service] Connection established,nodeID=062f09ab...,endpoint=127.0.0.1:50279
info|2025-04-05 16:26:53.860354|[NETWORK][Host]P2P Recv Connect, From=127.0.0.1:50321
info|2025-04-05 16:26:53.860424|[NETWORK][Host]P2P StartAccept,Host=0.0.0.0:30312
info|2025-04-05 16:26:53.915031|[NETWORK][Host]handshakeServer succ,remote endpoint=127.0.0.1:50321
info|2025-04-05 16:26:53.915065|[NETWORK][Host]startPeerSession, Remote=127.0.0.1:50321,local endpoint=127.0.0.1:30312,nodeID=1a32c940...
info|2025-04-05 16:26:54.364516|[g:2][CONSENSUS]addRawPrepare,height=2,reqIdx=3,hash=4c06d9ba...,time=0
info|2025-04-05 16:26:54.364904|[g:2][CONSENSUS][PBFT]checkTimeout Succ,view=2,toView=3,nodeIdx=1,changeCycle=1,myNode=1f940c66...,timecost=0
info|2025-04-05 16:26:54.368424|[g:2][CONSENSUS][PBFT]checkAndChangeView: Reach consensus,org_view=2,cur_changeCycle=1,curView=2,view=3
