info|2025-04-05 16:26:48.083212|[INITIALIZER][initGlobalConfig],enableCompress=true,compatibilityVersion=2.7.2,versionNumber=34013696,enableStat=false,chainId=1,useSMCrypto=false
info|2025-04-05 16:26:48.083683|[INITIALIZER][SecureInitializer]loading privateKey
info|2025-04-05 16:26:48.100799|[INITIALIZER][SecureInitializer]get pub of node,nodeID=a5c66f8edb71471b5bf18d5fcf398c4361ff69f4484098dcd4c68ef81b9e4861d273ec322da71780c960820ca0a9859f3fc601fe2b3abfcb4e1855b6255cffed
info|2025-04-05 16:26:48.101470|[INITIALIZER][SecureInitializer]use user certificate,file=conf//node.crt
info|2025-04-05 16:26:48.102567|[INITIALIZER][SecureInitializer]use ca certificate,file=conf//ca.crt
info|2025-04-05 16:26:48.102666|[INITIALIZER][SecureInitializer]use ca,file=conf//
info|2025-04-05 16:26:48.103204|[NETWORK][Host]Connecting to node,endpoint=127.0.0.1:30300
info|2025-04-05 16:26:48.103276|[NETWORK][Host]P2P StartAccept,Host=0.0.0.0:30311
info|2025-04-05 16:26:48.103499|[NETWORK][Host]Connecting to node,endpoint=127.0.0.1:30301
info|2025-04-05 16:26:48.103569|[NETWORK][Host]Connecting to node,endpoint=127.0.0.1:30302
info|2025-04-05 16:26:48.103619|[NETWORK][Host]Connecting to node,endpoint=127.0.0.1:30303
info|2025-04-05 16:26:48.103664|[NETWORK][Host]Connecting to node,endpoint=127.0.0.1:30304
info|2025-04-05 16:26:48.103718|[NETWORK][Host]Connecting to node,endpoint=127.0.0.1:30305
info|2025-04-05 16:26:48.103795|[NETWORK][Host]Connecting to node,endpoint=127.0.0.1:30306
info|2025-04-05 16:26:48.103853|[NETWORK][Host]Connecting to node,endpoint=127.0.0.1:30307
info|2025-04-05 16:26:48.103906|[NETWORK][Host]Connecting to node,endpoint=127.0.0.1:30308
info|2025-04-05 16:26:48.103958|[NETWORK][Host]Connecting to node,endpoint=127.0.0.1:30309
info|2025-04-05 16:26:48.104016|[NETWORK][Host]Connecting to node,endpoint=127.0.0.1:30310
info|2025-04-05 16:26:48.104080|[NETWORK][Host]Connecting to node,endpoint=127.0.0.1:30311
info|2025-04-05 16:26:48.104147|[NETWORK][Host]Connecting to node,endpoint=127.0.0.1:30312
info|2025-04-05 16:26:48.104207|[NETWORK][Host]Connecting to node,endpoint=127.0.0.1:30313
info|2025-04-05 16:26:48.104261|[NETWORK][Host]Connecting to node,endpoint=127.0.0.1:30314
info|2025-04-05 16:26:48.104320|[NETWORK][Host]Connecting to node,endpoint=127.0.0.1:30315
info|2025-04-05 16:26:48.104365|[NETWORK][Host]Connecting to node,endpoint=127.0.0.1:30316
info|2025-04-05 16:26:48.104424|[NETWORK][Host]Connecting to node,endpoint=127.0.0.1:30317
info|2025-04-05 16:26:48.104477|[NETWORK][Host]Connecting to node,endpoint=127.0.0.1:30318
info|2025-04-05 16:26:48.104650|[NETWORK][Host]Connecting to node,endpoint=127.0.0.1:30319
info|2025-04-05 16:26:48.105072|[NETWORK][Host]Connecting to node,endpoint=127.0.0.1:30320
info|2025-04-05 16:26:48.105185|[NETWORK][Host]Connecting to node,endpoint=127.0.0.1:30321
info|2025-04-05 16:26:48.105238|[NETWORK][Host]Connecting to node,endpoint=127.0.0.1:30322
info|2025-04-05 16:26:48.105287|[NETWORK][Host]Connecting to node,endpoint=127.0.0.1:30323
info|2025-04-05 16:26:48.105352|[NETWORK][Host]Connecting to node,endpoint=127.0.0.1:30324
info|2025-04-05 16:26:48.105419|[P2P][Service] heartBeat,connected count=0
info|2025-04-05 16:26:48.105465|[INITIALIZER][RPCInitializer],network_security.check_cert_issuer=true
info|2025-04-05 16:26:48.105525|[NETWORK][ASIO]asyncResolveConnect,endpoint=127.0.0.1:30300
info|2025-04-05 16:26:48.105597|[NETWORK][ASIO]asyncResolveConnect,endpoint=127.0.0.1:30301
info|2025-04-05 16:26:48.105665|[NETWORK][ASIO]asyncResolveConnect,endpoint=127.0.0.1:30302
info|2025-04-05 16:26:48.105719|[NETWORK][ASIO]asyncResolveConnect,endpoint=127.0.0.1:30303
info|2025-04-05 16:26:48.105773|[NETWORK][ASIO]asyncResolveConnect,endpoint=127.0.0.1:30304
info|2025-04-05 16:26:48.105846|[NETWORK][ASIO]asyncResolveConnect,endpoint=127.0.0.1:30305
info|2025-04-05 16:26:48.105921|[NETWORK][ASIO]asyncResolveConnect,endpoint=127.0.0.1:30306
info|2025-04-05 16:26:48.105991|[NETWORK][ASIO]asyncResolveConnect,endpoint=127.0.0.1:30307
info|2025-04-05 16:26:48.106085|[NETWORK][ASIO]asyncResolveConnect,endpoint=127.0.0.1:30308
info|2025-04-05 16:26:48.106155|[CHANNEL][ChannelServer::run],threadPoolSize=8
info|2025-04-05 16:26:48.106161|[NETWORK][ASIO]asyncResolveConnect,endpoint=127.0.0.1:30309
info|2025-04-05 16:26:48.106198|[CHANNEL]ChannelRPCServer started
info|2025-04-05 16:26:48.106208|[INITIALIZER][RPCInitializer: ChannelRPCHttpServer started.],disableDynamicGroup=false,threadSize=8
info|2025-04-05 16:26:48.106216|[INITIALIZER][LedgerInitializer]initConfig
info|2025-04-05 16:26:48.106297|[NETWORK][ASIO]asyncResolveConnect,endpoint=127.0.0.1:30310
info|2025-04-05 16:26:48.106401|[LedgerInitializer],groupConfigPath=conf/
info|2025-04-05 16:26:48.106479|[NETWORK][ASIO]asyncResolveConnect,endpoint=127.0.0.1:30311
info|2025-04-05 16:26:48.106556|[NETWORK][ASIO]asyncResolveConnect,endpoint=127.0.0.1:30312
info|2025-04-05 16:26:48.106621|[NETWORK][ASIO]asyncResolveConnect,endpoint=127.0.0.1:30313
info|2025-04-05 16:26:48.106676|[NETWORK][ASIO]asyncResolveConnect,endpoint=127.0.0.1:30314
info|2025-04-05 16:26:48.106741|[NETWORK][ASIO]asyncResolveConnect,endpoint=127.0.0.1:30315
info|2025-04-05 16:26:48.106803|[NETWORK][ASIO]asyncResolveConnect,endpoint=127.0.0.1:30316
info|2025-04-05 16:26:48.106864|[NETWORK][ASIO]asyncResolveConnect,endpoint=127.0.0.1:30317
info|2025-04-05 16:26:48.106972|[NETWORK][ASIO]asyncResolveConnect,endpoint=127.0.0.1:30318
info|2025-04-05 16:26:48.107047|[NETWORK][ASIO]asyncResolveConnect,endpoint=127.0.0.1:30319
info|2025-04-05 16:26:48.107160|[NETWORK][ASIO]asyncResolveConnect,endpoint=127.0.0.1:30320
info|2025-04-05 16:26:48.107307|[NETWORK][ASIO]asyncResolveConnect,endpoint=127.0.0.1:30321
info|2025-04-05 16:26:48.107400|[NETWORK][ASIO]asyncResolveConnect,endpoint=127.0.0.1:30322
info|2025-04-05 16:26:48.107459|[NETWORK][ASIO]asyncResolveConnect,endpoint=127.0.0.1:30323
info|2025-04-05 16:26:48.107706|[NETWORK][ASIO]asyncResolveConnect,endpoint=127.0.0.1:30324
error|2025-04-05 16:26:48.107877|[NETWORK][Host]TCP Connection refused by node,endpoint=127.0.0.1:30301,message=Connection refused
info|2025-04-05 16:26:48.107977|[INITIALIZER][initSingleLedger] [GroupId], LedgerConstructor:  2,configFileName=conf/group.2.genesis,dataDir=data/
error|2025-04-05 16:26:48.108074|[NETWORK][Host]TCP Connection refused by node,endpoint=127.0.0.1:30302,message=Connection refused
warning|2025-04-05 16:26:48.108207|[P2P][Service] onConnect,errorCode=5,nodeID=00000000...,nodeName=,endpoint=unknown,what=Connect failed
error|2025-04-05 16:26:48.108333|[NETWORK][Host]TCP Connection refused by node,endpoint=127.0.0.1:30303,message=Connection refused
warning|2025-04-05 16:26:48.108447|[P2P][Service] onConnect,errorCode=5,nodeID=00000000...,nodeName=,endpoint=unknown,what=Connect failed
error|2025-04-05 16:26:48.108526|[NETWORK][Host]TCP Connection refused by node,endpoint=127.0.0.1:30304,message=Connection refused
info|2025-04-05 16:26:48.108612|[g:2][LedgerParam][parseGenesisConfig]initConsensusConfig/initStorageConfig/initTxConfig,configFile=conf/group.2.genesis
warning|2025-04-05 16:26:48.108755|[P2P][Service] onConnect,errorCode=5,nodeID=00000000...,nodeName=,endpoint=unknown,what=Connect failed
error|2025-04-05 16:26:48.108896|[NETWORK][Host]TCP Connection refused by node,endpoint=127.0.0.1:30305,message=Connection refused
info|2025-04-05 16:26:48.108984|[g:2][LedgerParam][initConsensusConfig],type=pbft,consensusTimeout=3,maxTxNum=1000,txGasLimit=300000000
warning|2025-04-05 16:26:48.109053|[P2P][Service] onConnect,errorCode=5,nodeID=00000000...,nodeName=,endpoint=unknown,what=Connect failed
error|2025-04-05 16:26:48.109191|[NETWORK][Host]TCP Connection refused by node,endpoint=127.0.0.1:30306,message=Connection refused
warning|2025-04-05 16:26:48.109371|[P2P][Service] onConnect,errorCode=5,nodeID=00000000...,nodeName=,endpoint=unknown,what=Connect failed
info|2025-04-05 16:26:48.109468|[g:2][LedgerParam][parsePublicKeyListOfSection],sectionName=consensus,it.first=1a32c9401951ffd839ae5bad75fa3d00f97cd9f8014a603e5773dc9f6fa63be914107b6aec52da1f53eae236306ca356e21fcaad723578816093c45f4f54344b
error|2025-04-05 16:26:48.109580|[NETWORK][Host]TCP Connection refused by node,endpoint=127.0.0.1:30307,message=Connection refused
warning|2025-04-05 16:26:48.109667|[P2P][Service] onConnect,errorCode=5,nodeID=00000000...,nodeName=,endpoint=unknown,what=Connect failed
info|2025-04-05 16:26:48.109793|[g:2][LedgerParam][parsePublicKeyListOfSection],sectionName=consensus,it.first=9acd792eaac67886c6eb57cdb0d031d9d0241d67bafd2859f52bf592e09e1a9b2a6a053dd3fbd43c63facb4a40ee3a3dde9a70659a1f252ba1d121d52bdf1e39
error|2025-04-05 16:26:48.109897|[NETWORK][Host]TCP Connection refused by node,endpoint=127.0.0.1:30308,message=Connection refused
warning|2025-04-05 16:26:48.110036|[P2P][Service] onConnect,errorCode=5,nodeID=00000000...,nodeName=,endpoint=unknown,what=Connect failed
info|2025-04-05 16:26:48.110150|[g:2][LedgerParam][parsePublicKeyListOfSection],sectionName=consensus,it.first=be82515051da6fd5a5a5b18f1c0f2d54f5a67651f446fddf9cf092524da5deea82d62098980c685a1ad018d276b16a4d01e7f2dfbfb4bf33c878ac942a719d19
error|2025-04-05 16:26:48.110297|[NETWORK][Host]TCP Connection refused by node,endpoint=127.0.0.1:30309,message=Connection refused
warning|2025-04-05 16:26:48.110425|[P2P][Service] onConnect,errorCode=5,nodeID=00000000...,nodeName=,endpoint=unknown,what=Connect failed
info|2025-04-05 16:26:48.110550|[g:2][LedgerParam][parsePublicKeyListOfSection],sectionName=consensus,it.first=f3849fcac27d9557b86683e86dc1be67e57a4696f69fa7a501165bd71fdb30f1e7bea20c0aa5139dbb4b85caa3851c8a5d5c88798e942d411fde6c86c703fa7a
error|2025-04-05 16:26:48.110642|[NETWORK][Host]TCP Connection refused by node,endpoint=127.0.0.1:30310,message=Connection refused
warning|2025-04-05 16:26:48.110762|[P2P][Service] onConnect,errorCode=5,nodeID=00000000...,nodeName=,endpoint=unknown,what=Connect failed
info|2025-04-05 16:26:48.111011|[g:2][LedgerParam][parsePublicKeyListOfSection],sectionName=consensus,it.first=a57346673c2a2bd8511def6bb034362d5457e350c2a89187e5c5e7181af8002f8a44b8b8324bf7804d3d899ea7246148abe46d6cab25d8a6b74b6808cb0b8ce3
warning|2025-04-05 16:26:48.111103|[P2P][Service] onConnect,errorCode=5,nodeID=00000000...,nodeName=,endpoint=unknown,what=Connect failed
info|2025-04-05 16:26:48.111219|[NETWORK][Host]P2P Recv Connect, From=127.0.0.1:49734
info|2025-04-05 16:26:48.111358|[g:2][LedgerParam][parsePublicKeyListOfSection],sectionName=consensus,it.first=6c7cf617e48db2b1eb99ec5a68b34f4043781171153f68d54ccfa897dc65d2bf20f075ba5d53608c38990ddf9d9a20055f9da8bcbf5184b06a112103d463f062
info|2025-04-05 16:26:48.111425|[NETWORK][Host]P2P StartAccept,Host=0.0.0.0:30311
error|2025-04-05 16:26:48.111567|[NETWORK][Host]TCP Connection refused by node,endpoint=127.0.0.1:30313,message=Connection refused
info|2025-04-05 16:26:48.111546|[g:2][LedgerParam][parsePublicKeyListOfSection],sectionName=consensus,it.first=a5c66f8edb71471b5bf18d5fcf398c4361ff69f4484098dcd4c68ef81b9e4861d273ec322da71780c960820ca0a9859f3fc601fe2b3abfcb4e1855b6255cffed
error|2025-04-05 16:26:48.111596|[NETWORK][Host]TCP Connection refused by node,endpoint=127.0.0.1:30314,message=Connection refused
error|2025-04-05 16:26:48.111617|[NETWORK][Host]TCP Connection refused by node,endpoint=127.0.0.1:30315,message=Connection refused
error|2025-04-05 16:26:48.111636|[NETWORK][Host]TCP Connection refused by node,endpoint=127.0.0.1:30316,message=Connection refused
error|2025-04-05 16:26:48.111655|[NETWORK][Host]TCP Connection refused by node,endpoint=127.0.0.1:30317,message=Connection refused
error|2025-04-05 16:26:48.111667|[NETWORK][Host]TCP Connection refused by node,endpoint=127.0.0.1:30318,message=Connection refused
info|2025-04-05 16:26:48.111623|[g:2][LedgerParam][parsePublicKeyListOfSection],sectionName=consensus,it.first=1f940c66acbc98c5cb75956fd0aacac20f57eef7848753e804e0f13456516adbf7029b87dd8d7bf9b724155d17f85105baf68a3d6b545ce2a5865c49110a333a
error|2025-04-05 16:26:48.111682|[NETWORK][Host]TCP Connection refused by node,endpoint=127.0.0.1:30319,message=Connection refused
info|2025-04-05 16:26:48.111690|[g:2][LedgerParam][parsePublicKeyListOfSection],sectionName=consensus,it.first=f785028f283450d2e596d75637144f7e68cc9f3fa9818a504d28f371b077ff6ceb77071f9d35714fa4bd7896bd070954bff80b21bdfd9fb1309a0990dc397d07
error|2025-04-05 16:26:48.111697|[NETWORK][Host]TCP Connection refused by node,endpoint=127.0.0.1:30320,message=Connection refused
error|2025-04-05 16:26:48.111709|[NETWORK][Host]TCP Connection refused by node,endpoint=127.0.0.1:30321,message=Connection refused
info|2025-04-05 16:26:48.111720|[g:2][LedgerParam][parsePublicKeyListOfSection],sectionName=consensus,it.first=22cbddcec7888e918fdb00add972c24ee27a3b13523ad0a42bf1d333bb745057efed938f595b076d14b7cf3e1db163529508764ea1ecab3ef4cb286f11d95ccc
error|2025-04-05 16:26:48.111859|[NETWORK][Host]TCP Connection refused by node,endpoint=127.0.0.1:30322,message=Connection refused
info|2025-04-05 16:26:48.111999|[g:2][LedgerParam][parsePublicKeyListOfSection],totalPubKeySize=10
warning|2025-04-05 16:26:48.112131|[P2P][Service] onConnect,errorCode=5,nodeID=00000000...,nodeName=,endpoint=unknown,what=Connect failed
warning|2025-04-05 16:26:48.112255|[P2P][Service] onConnect,errorCode=5,nodeID=00000000...,nodeName=,endpoint=unknown,what=Connect failed
warning|2025-04-05 16:26:48.112406|[P2P][Service] onConnect,errorCode=5,nodeID=00000000...,nodeName=,endpoint=unknown,what=Connect failed
warning|2025-04-05 16:26:48.112536|[P2P][Service] onConnect,errorCode=5,nodeID=00000000...,nodeName=,endpoint=unknown,what=Connect failed
error|2025-04-05 16:26:48.112633|[NETWORK][Host]TCP Connection refused by node,endpoint=127.0.0.1:30323,message=Connection refused
info|2025-04-05 16:26:48.112748|[g:2][LedgerParam][max_block_range],maxBlockRange=0,maxBlockPerProcess=3
warning|2025-04-05 16:26:48.112853|[P2P][Service] onConnect,errorCode=5,nodeID=00000000...,nodeName=,endpoint=unknown,what=Connect failed
warning|2025-04-05 16:26:48.112963|[P2P][Service] onConnect,errorCode=5,nodeID=00000000...,nodeName=,endpoint=unknown,what=Connect failed
warning|2025-04-05 16:26:48.113060|[P2P][Service] onConnect,errorCode=5,nodeID=00000000...,nodeName=,endpoint=unknown,what=Connect failed
warning|2025-04-05 16:26:48.113137|[P2P][Service] onConnect,errorCode=5,nodeID=00000000...,nodeName=,endpoint=unknown,what=Connect failed
info|2025-04-05 16:26:48.113215|[g:2][LedgerParam][parseGenesisConfig],timestamp=1743834488000
warning|2025-04-05 16:26:48.113340|[P2P][Service] onConnect,errorCode=5,nodeID=00000000...,nodeName=,endpoint=unknown,what=Connect failed
warning|2025-04-05 16:26:48.113480|[P2P][Service] onConnect,errorCode=5,nodeID=00000000...,nodeName=,endpoint=unknown,what=Connect failed
warning|2025-04-05 16:26:48.113609|[P2P][Service] onConnect,errorCode=5,nodeID=00000000...,nodeName=,endpoint=unknown,what=Connect failed
info|2025-04-05 16:26:48.113786|[g:2][LedgerParam]setEVMFlags,enableFreeStorageVMSchedule=false,evmFlags=0
info|2025-04-05 16:26:48.113834|[g:2][LedgerParam]store evmFlag,evmFlag=0
info|2025-04-05 16:26:48.113844|[g:2][LedgerParam]store consensus time,consensusTimeout=3
info|2025-04-05 16:26:48.113859|[g:2][LedgerParam][initMark],genesisMark=2-1a32c9401951ffd839ae5bad75fa3d00f97cd9f8014a603e5773dc9f6fa63be914107b6aec52da1f53eae236306ca356e21fcaad723578816093c45f4f54344b,9acd792eaac67886c6eb57cdb0d031d9d0241d67bafd2859f52bf592e09e1a9b2a6a053dd3fbd43c63facb4a40ee3a3dde9a70659a1f252ba1d121d52bdf1e39,be82515051da6fd5a5a5b18f1c0f2d54f5a67651f446fddf9cf092524da5deea82d62098980c685a1ad018d276b16a4d01e7f2dfbfb4bf33c878ac942a719d19,f3849fcac27d9557b86683e86dc1be67e57a4696f69fa7a501165bd71fdb30f1e7bea20c0aa5139dbb4b85caa3851c8a5d5c88798e942d411fde6c86c703fa7a,a57346673c2a2bd8511def6bb034362d5457e350c2a89187e5c5e7181af8002f8a44b8b8324bf7804d3d899ea7246148abe46d6cab25d8a6b74b6808cb0b8ce3,6c7cf617e48db2b1eb99ec5a68b34f4043781171153f68d54ccfa897dc65d2bf20f075ba5d53608c38990ddf9d9a20055f9da8bcbf5184b06a112103d463f062,a5c66f8edb71471b5bf18d5fcf398c4361ff69f4484098dcd4c68ef81b9e4861d273ec322da71780c960820ca0a9859f3fc601fe2b3abfcb4e1855b6255cffed,1f940c66acbc98c5cb75956fd0aacac20f57eef7848753e804e0f13456516adbf7029b87dd8d7bf9b724155d17f85105baf68a3d6b545ce2a5865c49110a333a,f785028f283450d2e596d75637144f7e68cc9f3fa9818a504d28f371b077ff6ceb77071f9d35714fa4bd7896bd070954bff80b21bdfd9fb1309a0990dc397d07,22cbddcec7888e918fdb00add972c24ee27a3b13523ad0a42bf1d333bb745057efed938f595b076d14b7cf3e1db163529508764ea1ecab3ef4cb286f11d95ccc,-pbft-storage-0-1000-300000000-3
error|2025-04-05 16:26:48.113862|[NETWORK][Host]TCP Connection refused by node,endpoint=127.0.0.1:30324,message=Connection refused
info|2025-04-05 16:26:48.113874|[g:2][LedgerParam][initIniConfig]initTxPoolConfig/initSyncConfig/initTxExecuteConfig,configFile=conf/group.2.ini
warning|2025-04-05 16:26:48.114014|[P2P][Service] onConnect,errorCode=5,nodeID=00000000...,nodeName=,endpoint=unknown,what=Connect failed
info|2025-04-05 16:26:48.114480|[g:2][LedgerParam][initStorageConfig],stateType=storage,storageDB=rocksdb,storagePath=data//group2/block/RocksDB,baseDir=data//group2,dbtype=mysql,dbip=127.0.0.1,dbport=3306,dbcharset=utf8mb4,initconnections=15,maxconnections=50,scrollThreshold=2000
info|2025-04-05 16:26:48.114511|[g:2][LedgerParam][initTxPoolConfig],txPoolLimit=150000,memorySizeLimit(MB)=512,notifyWorkerNum=2,txsExpirationTime(ms)=600000
info|2025-04-05 16:26:48.114526|[g:2][LedgerParam][initSyncConfig],idleWaitMs=200
info|2025-04-05 16:26:48.114535|[g:2][LedgerParam][initSyncConfig],enableSendTxsByTree=true,enableSendBlockStatusByTree=true
info|2025-04-05 16:26:48.114542|[g:2][LedgerParam][initSyncConfig],gossipInterval=1000
info|2025-04-05 16:26:48.114553|[g:2][LedgerParam][initSyncConfig],enableSendBlockStatusByTree=true,gossipInterval=1000,gossipPeers=3,syncTreeWidth=3,maxQueueSizeForBlockSync=536870912,txsStatusGossipMaxPeers=5
info|2025-04-05 16:26:48.114567|[g:2][LedgerParam][InitTxExecuteConfig],enableParallel=true
info|2025-04-05 16:26:48.114591|[g:2][LedgerParam][initConsensusIniConfig],maxTTL=2,minBlockGenerationTime=500,enablDynamicBlockSize=true,blockSizeIncreaseRatio=0.5,enableTTLOptimize=true,enablePrepareWithTxsHash=true
info|2025-04-05 16:26:48.114613|[g:2][LedgerParam][initRPBFTConsensusIniConfig],broadcastPrepareByTree=true,prepareStatusBroadcastPercent=33,maxRequestMissedTxsWaitTime=100,maxRequestPrepareWaitTime=100
info|2025-04-05 16:26:48.114622|[g:2][LedgerParam][initFlowControlConfig],maxQPS=9223372036854775807,outGoingBandwidth(Bytes)=9223372036854775807
info|2025-04-05 16:26:48.114629|[g:2][LedgerParam]parseSDKAllowList,sdkAllowList=[],enableSDKAllowListControl=false
info|2025-04-05 16:26:48.114670|[g:2][LEDGER][initLedger][DBInitializer]
info|2025-04-05 16:26:48.114682|[g:2][LEDGER]setSDKAllowList,groupId=2,sdkAllowListSize=0
info|2025-04-05 16:26:48.114695|[g:2][CHANNEL]registerSDKAllowListByGroupId,groupId=2,size=0
info|2025-04-05 16:26:48.114702|[g:2][CHANNEL]Disable group-level sdk permission control for sdk allowlist is empty
info|2025-04-05 16:26:48.114712|[g:2][DBINITIALIZER] [initStorageDB]
info|2025-04-05 16:26:48.114719|[g:2][DBINITIALIZER] [initRocksDBStorage]
info|2025-04-05 16:26:48.114762|[g:2][ROCKSDB]open rocksDB handler,path=data//group2/block/RocksDB
info|2025-04-05 16:26:48.130287|[NETWORK][Host]handshakeClient succ,local endpoint=127.0.0.1:49723
info|2025-04-05 16:26:48.130330|[NETWORK][Host]startPeerSession, Remote=127.0.0.1:30300,local endpoint=127.0.0.1:49723,nodeID=1a32c940...
info|2025-04-05 16:26:48.130430|[NETWORK][Host]handshakeClient succ,local endpoint=127.0.0.1:49735
info|2025-04-05 16:26:48.130521|[NETWORK][Host]startPeerSession, Remote=127.0.0.1:30312,local endpoint=127.0.0.1:49735,nodeID=1f940c66...
info|2025-04-05 16:26:48.130526|[P2P][Service] Connection established,nodeID=1a32c940...,endpoint=127.0.0.1:30300
info|2025-04-05 16:26:48.130553|[P2P][Service] Connection established,nodeID=1f940c66...,endpoint=127.0.0.1:30312
info|2025-04-05 16:26:48.134300|[NETWORK][Host]handshakeServer succ,remote endpoint=127.0.0.1:49734
info|2025-04-05 16:26:48.134326|[NETWORK][Host]startPeerSession, Remote=127.0.0.1:49734,local endpoint=127.0.0.1:30311,nodeID=a5c66f8e...
info|2025-04-05 16:26:48.134506|[NETWORK][Host]handshakeClient succ,local endpoint=127.0.0.1:49734
info|2025-04-05 16:26:48.134529|[NETWORK][Host]startPeerSession, Remote=127.0.0.1:30311,local endpoint=127.0.0.1:49734,nodeID=a5c66f8e...
info|2025-04-05 16:26:48.205708|[NETWORK][Host]P2P Recv Connect, From=127.0.0.1:49759
info|2025-04-05 16:26:48.205810|[NETWORK][Host]P2P StartAccept,Host=0.0.0.0:30311
info|2025-04-05 16:26:48.224238|[NETWORK][Host]handshakeServer succ,remote endpoint=127.0.0.1:49759
info|2025-04-05 16:26:48.224267|[NETWORK][Host]startPeerSession, Remote=127.0.0.1:49759,local endpoint=127.0.0.1:30311,nodeID=9acd792e...
info|2025-04-05 16:26:48.224320|[P2P][Service] Connection established,nodeID=9acd792e...,endpoint=127.0.0.1:49759
info|2025-04-05 16:26:48.263915|[NETWORK][Host]P2P Recv Connect, From=127.0.0.1:49785
info|2025-04-05 16:26:48.263984|[NETWORK][Host]P2P StartAccept,Host=0.0.0.0:30311
info|2025-04-05 16:26:48.285621|[NETWORK][Host]handshakeServer succ,remote endpoint=127.0.0.1:49785
info|2025-04-05 16:26:48.285650|[NETWORK][Host]startPeerSession, Remote=127.0.0.1:49785,local endpoint=127.0.0.1:30311,nodeID=f785028f...
info|2025-04-05 16:26:48.285682|[P2P][Service] Connection established,nodeID=f785028f...,endpoint=127.0.0.1:49785
info|2025-04-05 16:26:48.320820|[g:2][g:2][STORAGE][CachedStorage]Init flushStorage thread
info|2025-04-05 16:26:48.320936|[g:2][DBINITIALIZER] [init CachedStorage],maxCapacity=32,maxForwardBlock=10
info|2025-04-05 16:26:48.320960|[g:2][LEDGER][initLedger][initBlockChain]
info|2025-04-05 16:26:48.321299|[g:2][LEDGER]set enableHexBlock to be false,version=34013696
info|2025-04-05 16:26:48.321313|[g:2][BLOCKCHAIN][#checkAndBuildGenesisBlock],shouldBuild=false
info|2025-04-05 16:26:48.321719|[g:2][BLOCKCHAIN][#checkAndBuildGenesisBlock]Already have the 0th block, 0th groupMark is equal to file groupMark.
info|2025-04-05 16:26:48.321728|[g:2][LEDGER][initLedger]initBlockChain SUCC
info|2025-04-05 16:26:48.321791|[g:2][DBINITIALIZER] [createStateFactory],type=storage
info|2025-04-05 16:26:48.321798|[g:2][DBINITIALIZER] createStorageState SUCC
info|2025-04-05 16:26:48.321801|[g:2][DBINITIALIZER] [createStateFactory SUCC]
info|2025-04-05 16:26:48.321805|[g:2][DBINITIALIZER] createExecutiveContext...
info|2025-04-05 16:26:48.321836|[g:2][LEDGER]createGasMetric,vmFlagType=0
info|2025-04-05 16:26:48.321843|[g:2][LEDGER]createGasMetric
info|2025-04-05 16:26:48.321856|[g:2][DBINITIALIZER] create precompiledGasFactory and precompiledResultFactory
info|2025-04-05 16:26:48.321860|[g:2][DBINITIALIZER] createExecutiveContext SUCC
info|2025-04-05 16:26:48.321864|[g:2][DBINITIALIZER] [setSyncNumForCachedStorage],syncNum=1
info|2025-04-05 16:26:48.321876|[g:2][LEDGER][initNetworkBandWidthLimiter: outGoingBandwidthLimit has been disabled],groupId=2
info|2025-04-05 16:26:48.321882|[g:2][LEDGER][QPSLimit has been disabled],groupId=2
info|2025-04-05 16:26:48.321889|[g:2][LEDGER][initLedger][initBlockVerifier]
info|2025-04-05 16:26:48.321904|[g:2][LEDGER][initLedger][initBlockVerifier SUCC],evmFlags=0
info|2025-04-05 16:26:48.321910|[g:2][LEDGER][initLedger][initTxPool],txPoolLimit=150000
info|2025-04-05 16:26:48.323153|[g:2][LEDGER][initLedger]initTxPool SUCC
info|2025-04-05 16:26:48.323164|[g:2][LEDGER][initLedger][initSync],idleWaitMs=200,gossipInterval=1000,gossipPeers=3
info|2025-04-05 16:26:48.323173|[g:2][LEDGER]Init sync master,enableSendBlockStatusByTree=true,enableSendTxsByTree=true
info|2025-04-05 16:26:48.323881|[g:2][LEDGER][initLedger]initSync SUCC
info|2025-04-05 16:26:48.323892|[g:2][LEDGER][initLedger][consensusInitFactory]
info|2025-04-05 16:26:48.323925|[g:2][LEDGER][initLedger][createPBFTSealer]
info|2025-04-05 16:26:48.323940|[g:2][LEDGER][initLedger][createPBFTSealer],baseDir=data//group2,Protocol=131080
info|2025-04-05 16:26:48.324006|[g:2][LEDGER][initLedger]createPBFTSealer for PBFT or rPBFT,consensusType=pbft
info|2025-04-05 16:26:48.324014|[g:2][LEDGER]createConsensusEngine: create PBFTEngine
info|2025-04-05 16:26:48.324030|[g:2][CONSENSUS][PBFT]Register handler for PBFTEngine
info|2025-04-05 16:26:48.324397|[g:2][CONSENSUS][PBFT]setMinBlockGenerationTime,minBlockGenerationTime=500,consensusTime=1000
info|2025-04-05 16:26:48.324418|[g:2][LEDGER][initEventLogFilterManager]initEventLogFilterManager SUCC
info|2025-04-05 16:26:48.324427|[LedgerInitializer init group succ],groupID=2
info|2025-04-05 16:26:48.324615|[SafeHttpServer::StartListening]use poll for apple macos platform
info|2025-04-05 16:26:48.324923|[INITIALIZER][RPCInitializer JsonrpcHttpServer started],jsonrpc_IP=127.0.0.1,jsonrpc_listen_port=8556,jsonrpc_thread_count=8,ipv6=false,disableDynamicGroup=false
info|2025-04-05 16:26:48.324939|[g:2][LEDGER]startAll...
info|2025-04-05 16:26:48.325147|[g:2][GossipBlockStatus]start GossipBlockStatus succ
info|2025-04-05 16:26:48.325179|[g:2][CONSENSUS][ConsensusEngine][Start ConsensusEngineBase]
info|2025-04-05 16:26:48.325356|[g:2][CONSENSUS][PBFT]^^^^^^^^Report,num=1,sealerIdx=5,hash=92facd76...,next=2,tx=1,nodeIdx=6
info|2025-04-05 16:26:48.325407|[g:2][ROCKSDB]open rocksDB handler,path=data//group2/pbftMsgBackup/RocksDB
info|2025-04-05 16:26:48.724522|[g:2][NodeTimeMaintenance]updateTimeInfo: update median time offset,updatedMedianTimeOffset=0,peer=f785028f...,peerTime=1743841608724,peerOffset=0,utcTime=1743841608724
info|2025-04-05 16:26:48.775550|[g:2][CONSENSUS][PBFT][PBFT init env successfully]
info|2025-04-05 16:26:48.775568|[g:2][CONSENSUS][PBFT][Start PBFTEngine...]
info|2025-04-05 16:26:48.775574|[g:2][CONSENSUS][SEALER][Start sealer module]
info|2025-04-05 16:26:48.776200|[g:2][EVENT][EventLogFilterManager]start,m_maxBlockRange=0,m_maxBlockPerLoopFilter=3
info|2025-04-05 16:26:48.846250|[g:2][NodeTimeMaintenance]updateTimeInfo: update median time offset,updatedMedianTimeOffset=0,peer=1f940c66...,peerTime=1743841608846,peerOffset=0,utcTime=1743841608846
info|2025-04-05 16:26:48.857268|[g:2][CONSENSUS]addRawPrepare,height=2,reqIdx=1,hash=b0209b6c...,time=0
info|2025-04-05 16:26:48.857768|[g:2][CONSENSUS][PBFT]checkTimeout Succ,view=0,toView=1,nodeIdx=6,changeCycle=1,myNode=a5c66f8e...,timecost=0
info|2025-04-05 16:26:49.485547|[NETWORK][Host]P2P Recv Connect, From=127.0.0.1:49810
info|2025-04-05 16:26:49.485616|[NETWORK][Host]P2P StartAccept,Host=0.0.0.0:30311
info|2025-04-05 16:26:49.506863|[NETWORK][Host]handshakeServer succ,remote endpoint=127.0.0.1:49810
info|2025-04-05 16:26:49.506897|[NETWORK][Host]startPeerSession, Remote=127.0.0.1:49810,local endpoint=127.0.0.1:30311,nodeID=22cbddce...
info|2025-04-05 16:26:49.506950|[P2P][Service] Connection established,nodeID=22cbddce...,endpoint=127.0.0.1:49810
info|2025-04-05 16:26:49.763409|[NETWORK][Host]P2P Recv Connect, From=127.0.0.1:49837
info|2025-04-05 16:26:49.763480|[NETWORK][Host]P2P StartAccept,Host=0.0.0.0:30311
info|2025-04-05 16:26:49.784950|[NETWORK][Host]handshakeServer succ,remote endpoint=127.0.0.1:49837
info|2025-04-05 16:26:49.784993|[NETWORK][Host]startPeerSession, Remote=127.0.0.1:49837,local endpoint=127.0.0.1:30311,nodeID=6c7cf617...
info|2025-04-05 16:26:49.785035|[P2P][Service] Connection established,nodeID=6c7cf617...,endpoint=127.0.0.1:49837
info|2025-04-05 16:26:49.785570|[g:2][NodeTimeMaintenance]updateTimeInfo: update median time offset,updatedMedianTimeOffset=0,peer=22cbddce...,peerTime=1743841609785,peerOffset=0,utcTime=1743841609785
info|2025-04-05 16:26:49.803579|[NETWORK][Host]P2P Recv Connect, From=127.0.0.1:49862
info|2025-04-05 16:26:49.803649|[NETWORK][Host]P2P StartAccept,Host=0.0.0.0:30311
info|2025-04-05 16:26:49.824837|[NETWORK][Host]handshakeServer succ,remote endpoint=127.0.0.1:49862
info|2025-04-05 16:26:49.824868|[NETWORK][Host]startPeerSession, Remote=127.0.0.1:49862,local endpoint=127.0.0.1:30311,nodeID=da8778ae...
info|2025-04-05 16:26:49.824917|[P2P][Service] Connection established,nodeID=da8778ae...,endpoint=127.0.0.1:49862
info|2025-04-05 16:26:49.918689|[g:2][NodeTimeMaintenance]updateTimeInfo: update median time offset,updatedMedianTimeOffset=0,peer=9acd792e...,peerTime=1743841609918,peerOffset=0,utcTime=1743841609918
info|2025-04-05 16:26:50.027468|[g:2][NodeTimeMaintenance]updateTimeInfo: update median time offset,updatedMedianTimeOffset=0,peer=1a32c940...,peerTime=1743841610027,peerOffset=0,utcTime=1743841610027
info|2025-04-05 16:26:50.034853|[NETWORK][Host]P2P Recv Connect, From=127.0.0.1:49887
info|2025-04-05 16:26:50.034916|[NETWORK][Host]P2P StartAccept,Host=0.0.0.0:30311
info|2025-04-05 16:26:50.062440|[NETWORK][Host]handshakeServer succ,remote endpoint=127.0.0.1:49887
info|2025-04-05 16:26:50.062474|[NETWORK][Host]startPeerSession, Remote=127.0.0.1:49887,local endpoint=127.0.0.1:30311,nodeID=2527b58f...
info|2025-04-05 16:26:50.062586|[P2P][Service] Connection established,nodeID=2527b58f...,endpoint=127.0.0.1:49887
info|2025-04-05 16:26:50.375067|[g:2][NodeTimeMaintenance]updateTimeInfo: update median time offset,updatedMedianTimeOffset=0,peer=6c7cf617...,peerTime=1743841610374,peerOffset=-1,utcTime=1743841610375
info|2025-04-05 16:26:50.566447|[NETWORK][Host]P2P Recv Connect, From=127.0.0.1:49913
info|2025-04-05 16:26:50.566502|[NETWORK][Host]P2P StartAccept,Host=0.0.0.0:30311
info|2025-04-05 16:26:50.587667|[NETWORK][Host]handshakeServer succ,remote endpoint=127.0.0.1:49913
info|2025-04-05 16:26:50.587698|[NETWORK][Host]startPeerSession, Remote=127.0.0.1:49913,local endpoint=127.0.0.1:30311,nodeID=7b6beb5c...
info|2025-04-05 16:26:50.587728|[P2P][Service] Connection established,nodeID=7b6beb5c...,endpoint=127.0.0.1:49913
info|2025-04-05 16:26:51.120801|[NETWORK][Host]P2P Recv Connect, From=127.0.0.1:49940
info|2025-04-05 16:26:51.120867|[NETWORK][Host]P2P StartAccept,Host=0.0.0.0:30311
info|2025-04-05 16:26:51.147600|[NETWORK][Host]handshakeServer succ,remote endpoint=127.0.0.1:49940
info|2025-04-05 16:26:51.147630|[NETWORK][Host]startPeerSession, Remote=127.0.0.1:49940,local endpoint=127.0.0.1:30311,nodeID=8c31eca4...
info|2025-04-05 16:26:51.147681|[P2P][Service] Connection established,nodeID=8c31eca4...,endpoint=127.0.0.1:49940
info|2025-04-05 16:26:51.276734|[NETWORK][Host]P2P Recv Connect, From=127.0.0.1:49965
info|2025-04-05 16:26:51.276796|[NETWORK][Host]P2P StartAccept,Host=0.0.0.0:30311
info|2025-04-05 16:26:51.304074|[NETWORK][Host]handshakeServer succ,remote endpoint=127.0.0.1:49965
info|2025-04-05 16:26:51.304110|[NETWORK][Host]startPeerSession, Remote=127.0.0.1:49965,local endpoint=127.0.0.1:30311,nodeID=80ea3f8c...
info|2025-04-05 16:26:51.304175|[P2P][Service] Connection established,nodeID=80ea3f8c...,endpoint=127.0.0.1:49965
info|2025-04-05 16:26:51.461877|[NETWORK][Host]P2P Recv Connect, From=127.0.0.1:49990
info|2025-04-05 16:26:51.461932|[NETWORK][Host]P2P StartAccept,Host=0.0.0.0:30311
info|2025-04-05 16:26:51.480273|[NETWORK][Host]handshakeServer succ,remote endpoint=127.0.0.1:49990
info|2025-04-05 16:26:51.480314|[NETWORK][Host]startPeerSession, Remote=127.0.0.1:49990,local endpoint=127.0.0.1:30311,nodeID=be825150...
info|2025-04-05 16:26:51.480370|[P2P][Service] Connection established,nodeID=be825150...,endpoint=127.0.0.1:49990
info|2025-04-05 16:26:51.956372|[NETWORK][Host]P2P Recv Connect, From=127.0.0.1:50017
info|2025-04-05 16:26:51.956463|[NETWORK][Host]P2P StartAccept,Host=0.0.0.0:30311
info|2025-04-05 16:26:51.988831|[NETWORK][Host]handshakeServer succ,remote endpoint=127.0.0.1:50017
info|2025-04-05 16:26:51.988870|[NETWORK][Host]startPeerSession, Remote=127.0.0.1:50017,local endpoint=127.0.0.1:30311,nodeID=dc90b52f...
info|2025-04-05 16:26:51.988915|[P2P][Service] Connection established,nodeID=dc90b52f...,endpoint=127.0.0.1:50017
info|2025-04-05 16:26:52.071488|[NETWORK][Host]P2P Recv Connect, From=127.0.0.1:50042
info|2025-04-05 16:26:52.071557|[NETWORK][Host]P2P StartAccept,Host=0.0.0.0:30311
info|2025-04-05 16:26:52.102568|[NETWORK][Host]handshakeServer succ,remote endpoint=127.0.0.1:50042
info|2025-04-05 16:26:52.102603|[NETWORK][Host]startPeerSession, Remote=127.0.0.1:50042,local endpoint=127.0.0.1:30311,nodeID=35cf21cc...
info|2025-04-05 16:26:52.102648|[P2P][Service] Connection established,nodeID=35cf21cc...,endpoint=127.0.0.1:50042
info|2025-04-05 16:26:52.206952|[NETWORK][Host]P2P Recv Connect, From=127.0.0.1:50067
info|2025-04-05 16:26:52.207019|[NETWORK][Host]P2P StartAccept,Host=0.0.0.0:30311
info|2025-04-05 16:26:52.245720|[NETWORK][Host]handshakeServer succ,remote endpoint=127.0.0.1:50067
info|2025-04-05 16:26:52.245759|[NETWORK][Host]startPeerSession, Remote=127.0.0.1:50067,local endpoint=127.0.0.1:30311,nodeID=f3849fca...
info|2025-04-05 16:26:52.245819|[P2P][Service] Connection established,nodeID=f3849fca...,endpoint=127.0.0.1:50067
info|2025-04-05 16:26:52.246293|[NETWORK][Host]P2P Recv Connect, From=127.0.0.1:50092
info|2025-04-05 16:26:52.246337|[NETWORK][Host]P2P StartAccept,Host=0.0.0.0:30311
info|2025-04-05 16:26:52.280994|[NETWORK][Host]handshakeServer succ,remote endpoint=127.0.0.1:50092
info|2025-04-05 16:26:52.281028|[NETWORK][Host]startPeerSession, Remote=127.0.0.1:50092,local endpoint=127.0.0.1:30311,nodeID=9b781f54...
info|2025-04-05 16:26:52.281074|[P2P][Service] Connection established,nodeID=9b781f54...,endpoint=127.0.0.1:50092
info|2025-04-05 16:26:52.287546|[NETWORK][Host]P2P Recv Connect, From=127.0.0.1:50117
info|2025-04-05 16:26:52.287620|[NETWORK][Host]P2P StartAccept,Host=0.0.0.0:30311
info|2025-04-05 16:26:52.320139|[NETWORK][Host]handshakeServer succ,remote endpoint=127.0.0.1:50117
info|2025-04-05 16:26:52.320167|[NETWORK][Host]startPeerSession, Remote=127.0.0.1:50117,local endpoint=127.0.0.1:30311,nodeID=f57eedd4...
info|2025-04-05 16:26:52.320217|[P2P][Service] Connection established,nodeID=f57eedd4...,endpoint=127.0.0.1:50117
info|2025-04-05 16:26:52.362213|[NETWORK][Host]P2P Recv Connect, From=127.0.0.1:50142
info|2025-04-05 16:26:52.362269|[NETWORK][Host]P2P StartAccept,Host=0.0.0.0:30311
info|2025-04-05 16:26:52.405030|[NETWORK][Host]handshakeServer succ,remote endpoint=127.0.0.1:50142
info|2025-04-05 16:26:52.405064|[NETWORK][Host]startPeerSession, Remote=127.0.0.1:50142,local endpoint=127.0.0.1:30311,nodeID=c0d25e51...
info|2025-04-05 16:26:52.405114|[P2P][Service] Connection established,nodeID=c0d25e51...,endpoint=127.0.0.1:50142
info|2025-04-05 16:26:52.479362|[NETWORK][Host]P2P Recv Connect, From=127.0.0.1:50168
info|2025-04-05 16:26:52.479416|[NETWORK][Host]P2P StartAccept,Host=0.0.0.0:30311
info|2025-04-05 16:26:52.526718|[NETWORK][Host]handshakeServer succ,remote endpoint=127.0.0.1:50168
info|2025-04-05 16:26:52.526752|[NETWORK][Host]startPeerSession, Remote=127.0.0.1:50168,local endpoint=127.0.0.1:30311,nodeID=a5734667...
info|2025-04-05 16:26:52.526785|[P2P][Service] Connection established,nodeID=a5734667...,endpoint=127.0.0.1:50168
info|2025-04-05 16:26:53.325196|[NETWORK][Host]P2P Recv Connect, From=127.0.0.1:50194
info|2025-04-05 16:26:53.325259|[NETWORK][Host]P2P StartAccept,Host=0.0.0.0:30311
warning|2025-04-05 16:26:53.358219|[g:2][CONSENSUS][PBFT]ViewChangeWarning: not caused by omit empty block ,v=0,toV=2,curNum=1,hash=92facd76...,nodeIdx=6,myNode=a5c66f8e...
info|2025-04-05 16:26:53.358403|[g:2][CONSENSUS][PBFT]checkTimeout Succ,view=0,toView=2,nodeIdx=6,changeCycle=2,myNode=a5c66f8e...,timecost=0
info|2025-04-05 16:26:53.363352|[g:2][CONSENSUS][PBFT]checkAndChangeView: Reach consensus,org_view=0,cur_changeCycle=2,curView=0,view=2
info|2025-04-05 16:26:53.365943|[NETWORK][Host]P2P Recv Connect, From=127.0.0.1:50219
info|2025-04-05 16:26:53.365992|[NETWORK][Host]P2P StartAccept,Host=0.0.0.0:30311
info|2025-04-05 16:26:53.379901|[NETWORK][Host]handshakeServer succ,remote endpoint=127.0.0.1:50194
info|2025-04-05 16:26:53.379931|[NETWORK][Host]startPeerSession, Remote=127.0.0.1:50194,local endpoint=127.0.0.1:30311,nodeID=06d29d87...
info|2025-04-05 16:26:53.379977|[P2P][Service] Connection established,nodeID=06d29d87...,endpoint=127.0.0.1:50194
info|2025-04-05 16:26:53.392534|[NETWORK][Host]P2P Recv Connect, From=127.0.0.1:50244
info|2025-04-05 16:26:53.392581|[NETWORK][Host]P2P StartAccept,Host=0.0.0.0:30311
info|2025-04-05 16:26:53.414001|[NETWORK][Host]handshakeServer succ,remote endpoint=127.0.0.1:50219
info|2025-04-05 16:26:53.414035|[NETWORK][Host]startPeerSession, Remote=127.0.0.1:50219,local endpoint=127.0.0.1:30311,nodeID=da02630f...
info|2025-04-05 16:26:53.414086|[P2P][Service] Connection established,nodeID=da02630f...,endpoint=127.0.0.1:50219
info|2025-04-05 16:26:53.427651|[NETWORK][Host]handshakeServer succ,remote endpoint=127.0.0.1:50244
info|2025-04-05 16:26:53.427682|[NETWORK][Host]startPeerSession, Remote=127.0.0.1:50244,local endpoint=127.0.0.1:30311,nodeID=d3d35f45...
info|2025-04-05 16:26:53.427717|[P2P][Service] Connection established,nodeID=d3d35f45...,endpoint=127.0.0.1:50244
info|2025-04-05 16:26:53.519759|[NETWORK][Host]P2P Recv Connect, From=127.0.0.1:50277
info|2025-04-05 16:26:53.519814|[NETWORK][Host]P2P StartAccept,Host=0.0.0.0:30311
info|2025-04-05 16:26:53.520316|[NETWORK][Host]P2P Recv Connect, From=127.0.0.1:50284
info|2025-04-05 16:26:53.520386|[NETWORK][Host]P2P StartAccept,Host=0.0.0.0:30311
info|2025-04-05 16:26:53.590656|[NETWORK][Host]handshakeServer succ,remote endpoint=127.0.0.1:50277
info|2025-04-05 16:26:53.590690|[NETWORK][Host]startPeerSession, Remote=127.0.0.1:50277,local endpoint=127.0.0.1:30311,nodeID=062f09ab...
info|2025-04-05 16:26:53.590751|[P2P][Service] Connection established,nodeID=062f09ab...,endpoint=127.0.0.1:50277
info|2025-04-05 16:26:53.632139|[NETWORK][Host]handshakeServer succ,remote endpoint=127.0.0.1:50284
info|2025-04-05 16:26:53.632180|[NETWORK][Host]startPeerSession, Remote=127.0.0.1:50284,local endpoint=127.0.0.1:30311,nodeID=465acb07...
info|2025-04-05 16:26:53.632228|[P2P][Service] Connection established,nodeID=465acb07...,endpoint=127.0.0.1:50284
info|2025-04-05 16:26:53.860294|[NETWORK][Host]P2P Recv Connect, From=127.0.0.1:50320
info|2025-04-05 16:26:53.860350|[NETWORK][Host]P2P StartAccept,Host=0.0.0.0:30311
info|2025-04-05 16:26:53.904522|[NETWORK][Host]handshakeServer succ,remote endpoint=127.0.0.1:50320
info|2025-04-05 16:26:53.904579|[NETWORK][Host]startPeerSession, Remote=127.0.0.1:50320,local endpoint=127.0.0.1:30311,nodeID=1a32c940...
info|2025-04-05 16:26:54.364636|[g:2][CONSENSUS]addRawPrepare,height=2,reqIdx=3,hash=4c06d9ba...,time=0
info|2025-04-05 16:26:54.365132|[g:2][CONSENSUS][PBFT]checkTimeout Succ,view=2,toView=3,nodeIdx=6,changeCycle=1,myNode=a5c66f8e...,timecost=1
info|2025-04-05 16:26:54.368437|[g:2][CONSENSUS][PBFT]checkAndChangeView: Reach consensus,org_view=2,cur_changeCycle=1,curView=2,view=3
info|2025-04-05 16:26:55.370205|[g:2][CONSENSUS]addRawPrepare,height=2,reqIdx=4,hash=8345dcc7...,time=0
info|2025-04-05 16:26:55.370578|[g:2][CONSENSUS][PBFT]checkTimeout Succ,view=3,toView=4,nodeIdx=6,changeCycle=1,myNode=a5c66f8e...,timecost=0
info|2025-04-05 16:26:55.373544|[g:2][CONSENSUS][PBFT]checkAndChangeView: Reach consensus,org_view=3,cur_changeCycle=1,curView=3,view=4
info|2025-04-05 16:26:56.872753|[g:2][NodeTimeMaintenance]updateTimeInfo: update median time offset,updatedMedianTimeOffset=0,peer=be825150...,peerTime=1743841616872,peerOffset=0,utcTime=1743841616872
info|2025-04-05 16:26:57.293216|[g:2][NodeTimeMaintenance]updateTimeInfo: update median time offset,updatedMedianTimeOffset=0,peer=f3849fca...,peerTime=1743841617292,peerOffset=-1,utcTime=1743841617293
info|2025-04-05 16:26:57.332373|[g:2][NodeTimeMaintenance]updateTimeInfo: update median time offset,updatedMedianTimeOffset=0,peer=a5734667...,peerTime=1743841617331,peerOffset=-1,utcTime=1743841617332
